1000	10	0.189476014217
1000	100	0.17647238742
1000	1000	0.123010085698
1000	20	0.180036137316
1000	200	0.149615573077
1000	5	0.249234935655
1000	50	0.194123482655
1000	500	0.136486446502
1000	75	0.190534619469
100	10	0.24788992969
100	100	0.187605739053
100	1000	0.118860649149
100	20	0.23606408367
100	200	0.184558074641
100	5	0.242196924556
100	50	0.205480322359
100	500	0.143236364495
100	75	0.200804932181
10	10	0.363611457994
10	100	0.345222436615
10	1000	0.253943181803
10	20	0.356373747405
10	200	0.318520580835
10	5	0.330176027678
10	50	0.340258813691
10	500	0.282611589397
10	75	0.33734620247
1	10	0.199114938656
1	100	0.142115647062
1	1000	-0.0133197275948
1	20	0.197748906909
1	200	0.0601975667009
1	5	0.144858876794
1	50	0.170758074102
1	500	-0.0117408679204
1	75	0.160080252299
20	10	0.33368891844
20	100	0.271410029074
20	1000	0.174581410039
20	20	0.32312787205
20	200	0.253653169127
20	5	0.286728229735
20	50	0.290335527303
20	500	0.213557184948
20	75	0.275912877679
250	10	0.260687479482
250	100	0.205325107619
250	1000	0.14521095983
250	20	0.224588017334
250	200	0.187410408595
250	5	0.281469803422
250	50	0.241979761578
250	500	0.16112269845
250	75	0.224045821955
500	10	0.246431420314
500	100	0.213779461292
500	1000	0.153677780029
500	20	0.22349309445
500	200	0.177048239193
500	5	0.26669105696
500	50	0.225544331643
500	500	0.166932259342
500	75	0.222935128285
50	10	0.267977475169
50	100	0.216410430306
50	1000	0.127919927885
50	20	0.275699149172
50	200	0.207377682108
50	5	0.279602080123
50	50	0.247213843486
50	500	0.164893772407
50	75	0.235926098526
5	10	0.301839107807
5	100	0.292172362197
5	1000	0.212411431699
5	20	0.314523552183
5	200	0.263156164131
5	5	0.257755160025
5	50	0.279575807067
5	500	0.22912965655
5	75	0.298416165569
75	10	0.247345485121
75	100	0.200376259999
75	1000	0.12084998047
75	20	0.245381251478
75	200	0.19180276385
75	5	0.238724597295
75	50	0.208561605342
75	500	0.150657721106
75	75	0.204197488232
