100	100	1	0.180627769606
100	100	10	0.296870802954
100	100	100	0.061535170087
100	100	20	0.232915704694
100	100	5	0.241605508816
100	100	50	0.118896585906
100	100	75	0.0834917704431
100	10	1	0.312325994723
100	10	10	0.428096947071
100	10	100	0.295434408707
100	10	20	0.429554188622
100	10	5	0.384174479972
100	10	50	0.335518678384
100	10	75	0.319722932166
100	1	1	0.0830926216353
100	1	10	0.453767888188
100	1	100	0.214049701518
100	1	20	0.411663523264
100	1	5	0.444477507672
100	1	50	0.295982824809
100	1	75	0.248360092592
100	20	1	0.28327779811
100	20	10	0.387556670103
100	20	100	0.176523480152
100	20	20	0.300990907881
100	20	5	0.35363124556
100	20	50	0.214496718335
100	20	75	0.199813095506
100	50	1	0.241604487419
100	50	10	0.340376571853
100	50	100	0.0793876135348
100	50	20	0.251910404987
100	50	5	0.289741808591
100	50	50	0.140941141079
100	50	75	0.107570145984
100	5	1	0.302796620111
100	5	10	0.43170836675
100	5	100	0.282267719185
100	5	20	0.433188306402
100	5	5	0.356947930908
100	5	50	0.346691155386
100	5	75	0.312873483373
100	75	1	0.204181407802
100	75	10	0.315542385343
100	75	100	0.0658866960764
100	75	20	0.240801122865
100	75	5	0.260531778223
100	75	50	0.12800423731
100	75	75	0.0916079141943
10	100	1	0.163233973322
10	100	10	0.305037881354
10	100	5	0.22794754967
10	10	1	0.282065315348
10	10	10	0.393133420738
10	10	5	0.351975282884
10	1	1	0.0830926216353
10	1	10	0.43127302029
10	1	5	0.453657206685
10	20	1	0.256595993962
10	20	10	0.37906304905
10	20	5	0.331754686427
10	50	1	0.223411289855
10	50	10	0.358382162045
10	50	5	0.279611337646
10	5	1	0.279426267818
10	5	10	0.402353933777
10	5	5	0.336995160662
10	75	1	0.18625727837
10	75	10	0.330208522328
10	75	5	0.249586646795
1	100	1	0.0748096207072
1	10	1	0.183128396026
1	1	1	0.0755452654065
1	20	1	0.17179454424
1	50	1	0.116946148782
1	5	1	0.227593664114
1	75	1	0.0821168742015
20	100	1	0.17170114013
20	100	10	0.303080912869
20	100	20	0.231043032606
20	100	5	0.23164115272
20	10	1	0.304975373478
20	10	10	0.406350267577
20	10	20	0.410351709867
20	10	5	0.36859916332
20	1	1	0.0830926216353
20	1	10	0.461492024758
20	1	20	0.418719686912
20	1	5	0.446229853967
20	20	1	0.273214746669
20	20	10	0.376133128748
20	20	20	0.274174353762
20	20	5	0.337511828009
20	50	1	0.233489215249
20	50	10	0.34724327507
20	50	20	0.248417757701
20	50	5	0.279139716042
20	5	1	0.297763039883
20	5	10	0.418479076893
20	5	20	0.418004923757
20	5	5	0.347639966517
20	75	1	0.195608245075
20	75	10	0.324069958119
20	75	20	0.240946266199
20	75	5	0.251491337364
50	100	1	0.178946522283
50	100	10	0.29718349445
50	100	20	0.228603011371
50	100	5	0.238611336915
50	100	50	0.122055935959
50	10	1	0.311475017244
50	10	10	0.422773193554
50	10	20	0.417266976663
50	10	5	0.380700613205
50	10	50	0.328948299992
50	1	1	0.0830926216353
50	1	10	0.452832250269
50	1	20	0.412286896676
50	1	5	0.437553537575
50	1	50	0.310927115038
50	20	1	0.282655786753
50	20	10	0.382431023696
50	20	20	0.286721273092
50	20	5	0.351476109478
50	20	50	0.202635002819
50	50	1	0.24154496538
50	50	10	0.341896781943
50	50	20	0.245797294977
50	50	5	0.288682558219
50	50	50	0.139698260668
50	5	1	0.302409492341
50	5	10	0.426195309534
50	5	20	0.4220996255
50	5	5	0.353102741281
50	5	50	0.346660678872
50	75	1	0.203318974882
50	75	10	0.317624659352
50	75	20	0.23663634992
50	75	5	0.259187916389
50	75	50	0.12954682485
5	100	1	0.15100242783
5	100	5	0.211842046128
5	10	1	0.247236509288
5	10	5	0.295887196187
5	1	1	0.0798489018177
5	1	5	0.404294888765
5	20	1	0.232968882598
5	20	5	0.299875141239
5	50	1	0.206150218698
5	50	5	0.260361131107
5	5	1	0.248532637061
5	5	5	0.268676627337
5	75	1	0.171701330335
5	75	5	0.232551676889
75	100	1	0.179685433124
75	100	10	0.295759020868
75	100	20	0.231742473091
75	100	5	0.240061215618
75	100	50	0.119629814322
75	100	75	0.0849050898473
75	10	1	0.311850449373
75	10	10	0.424986448095
75	10	20	0.422987204655
75	10	5	0.381943259054
75	10	50	0.331029573861
75	10	75	0.320108584205
75	1	1	0.0830926216353
75	1	10	0.450354708349
75	1	20	0.409769983383
75	1	5	0.440205387888
75	1	50	0.299540069337
75	1	75	0.262752639838
75	20	1	0.282009230209
75	20	10	0.383494647346
75	20	20	0.293789647606
75	20	5	0.350749408988
75	20	50	0.208260793044
75	20	75	0.196861397086
75	50	1	0.240627984668
75	50	10	0.338975125143
75	50	20	0.249191841377
75	50	5	0.288114340638
75	50	50	0.13925429114
75	50	75	0.107679144059
75	5	1	0.302110914778
75	5	10	0.42878833779
75	5	20	0.427211374663
75	5	5	0.35494418108
75	5	50	0.34484161257
75	5	75	0.318526210388
75	75	1	0.203163620774
75	75	10	0.314165469849
75	75	20	0.239054980627
75	75	5	0.259134058522
75	75	50	0.127247662501
75	75	75	0.0917901650144
