1000	10	0.251194429522
1000	100	0.265576160884
1000	1000	0.251777472686
1000	20	0.259357033808
1000	200	0.267843550963
1000	5	0.244197911563
1000	50	0.271924853106
1000	500	0.257543121745
1000	75	0.263891813968
100	10	0.3308122126
100	100	0.362944369155
100	1000	0.337420035117
100	20	0.371366103736
100	200	0.363462629745
100	5	0.300234837813
100	50	0.358668719291
100	500	0.349469593825
100	75	0.362166978271
10	10	0.302437445319
10	100	0.255470079386
10	1000	0.237007045882
10	20	0.304834400546
10	200	0.247437040248
10	5	0.311636570785
10	50	0.268556159274
10	500	0.242837477515
10	75	0.259486598956
1	10	0.183308229489
1	100	0.120139282927
1	1000	0.0804275652487
1	20	0.165487084517
1	200	0.107182768187
1	5	0.184091608518
1	50	0.125840149413
1	500	0.0922827762358
1	75	0.123054498743
20	10	0.325111346114
20	100	0.307490486068
20	1000	0.268685724421
20	20	0.33256134209
20	200	0.294469188754
20	5	0.31785569786
20	50	0.327119605899
20	500	0.283650498946
20	75	0.312413961669
250	10	0.295700057654
250	100	0.333856993564
250	1000	0.320770913676
250	20	0.329322213405
250	200	0.333079602679
250	5	0.278273545329
250	50	0.333597863269
250	500	0.326018302146
250	75	0.333014820106
500	10	0.271536157664
500	100	0.301854402156
500	1000	0.287861366237
500	20	0.294015710738
500	200	0.300817880977
500	5	0.277107459002
500	50	0.306842660331
500	500	0.291683538085
500	75	0.307943964084
50	10	0.337679165412
50	100	0.354652199721
50	1000	0.318050045581
50	20	0.359899588191
50	200	0.349145680957
50	5	0.284298324683
50	50	0.353421330821
50	500	0.334051341285
50	75	0.353356548247
5	10	0.260652685283
5	100	0.187318811854
5	1000	0.180387076468
5	20	0.233055308886
5	200	0.194120982092
5	5	0.253850515044
5	50	0.199174022841
5	500	0.187059681559
5	75	0.18479229148
75	10	0.328868735389
75	100	0.356790024654
75	1000	0.324722650672
75	20	0.364175238055
75	200	0.354587417148
75	5	0.296801361407
75	50	0.363268282024
75	500	0.342861771308
75	75	0.359640457896
