301	1.9582295876942948
302	2.4664388948482916
303	2.701160760131596
304	2.677971610661121
305	1.6023850435087377
306	1.823900134069072
307	1.8362923369683446
308	2.694929883493047
309	2.147397117289891
310	1.9837037785526972
311	2.1341509509940066
312	3.1820525118994287
313	2.4752488277982128
314	2.145221251384563
315	1.9347166073491777
316	2.332911622056703
317	2.0807326794611116
318	1.5928217294911624
319	1.9451199412590772
320	2.3677200669624656
321	1.771122457325853
322	1.6370105843565297
323	2.0467811188911615
324	2.1695787540157476
325	1.8205369823037887
326	2.267563072600811
327	1.7775571884663413
328	2.2605786324118187
329	1.7914833057003372
330	1.9551327313595477
331	1.6022342806094294
332	1.6393497959854615
333	2.5649044003516166
334	2.0101042934547944
335	2.2109677111352397
336	2.555710060983227
337	2.9511151672741516
338	2.3279058872234586
339	1.8940682709905174
340	1.8904089070426606
341	2.1426201937984612
342	1.9871529224013174
343	2.0151047369675594
344	2.1194665533562227
345	1.8439458109040965
346	2.1744336910493196
347	2.236739353302969
348	3.2579288954000885
349	2.3417020952274763
350	1.783095688535934
351	2.157045479522483
352	1.9764801219518116
353	2.281849057344665
354	1.67227104272169
355	2.285327363692083
356	3.0807603116922424
357	2.1841713857643086
358	2.0404366101775824
359	1.6439091365175316
360	2.1503146857428685
361	2.360666145911123
362	1.782643326075083
363	1.533773608939491
364	2.6700342758431215
365	2.1323734613440934
366	2.1123212758962446
367	2.061722650625708
368	2.6011944867688674
369	2.808193423348654
370	2.5871807721339795
371	1.5548810131421604
372	1.9426015498993257
373	1.9368615515769354
374	1.9538443967880024
375	2.101292689598484
376	2.025237225794743
377	2.1005105052247526
378	2.0863173600769818
379	2.8046219380390434
380	1.9713077336693325
381	1.8295558969162014
382	2.5344814754158245
383	1.9358560128506572
384	1.9872849034294564
385	1.9400792201198245
386	1.80622153575188
387	2.220599705251409
388	2.0385709049782537
389	1.502738407817833
390	1.8880239815772377
391	2.93324743830483
392	2.1372598249090564
393	1.8491080009280523
394	1.6187165323920802
395	1.7520983354321948
396	2.1514420037836124
397	1.5951130130965585
398	1.8440496818158358
399	2.010934099825293
400	2.190959731238722
401	1.7759160472828928
402	2.570927068677435
403	2.637239570185237
404	2.4686868544680425
405	2.262628972712667
406	2.1210575516425947
407	2.1037108417605124
408	2.2361345239262316
409	2.0358712957434135
410	2.0359728754936723
411	1.9239675706987276
412	2.1426201937984612
413	1.8943390187780123
414	2.0334590858423898
415	2.122971178810484
416	2.319269959706213
417	1.7151215880179063
418	2.0657813895566277
419	1.8132023364753629
420	2.2650503848604844
421	2.1225389605716987
422	1.8118273254421873
423	2.673604706563052
424	1.867827993155232
425	1.894757620251943
426	1.7340950753894435
427	2.4819355105335856
428	1.492973049112536
429	3.131384979782862
430	2.5124257769056495
431	1.8957949341904585
432	1.8755866667935333
433	1.6896297265039235
434	1.8098783791498383
435	1.4333635724480156
436	1.7348545677233014
437	1.9758561291621701
438	1.6101136654870145
439	1.70016074150831
440	1.6773979757849355
441	2.6240533396785994
442	2.085119174059984
443	1.6817612713053172
444	3.340064187929632
445	2.022547932017714
446	1.774495464832473
447	2.054560220861334
448	1.7455860908086624
449	1.787639720180202
450	2.173230582249993
601	2.1072449810511946
602	2.0765373459100815
603	2.0455967296943625
604	3.0165189038664715
605	1.860561472318087
606	2.2677717788822225
607	2.17050491761477
608	1.5873936748824655
609	1.7339258963565152
610	1.7646748495841362
611	2.43905074622366
612	2.2734020686469605
613	2.089857465768639
614	4.393929460702727
615	1.827715758209035
616	1.9182368516659734
617	1.7846811056468415
618	2.5781242855677777
619	2.5031127289707964
620	1.9414195163453694
621	2.298313115951412
622	1.7800716711281266
623	2.072778825935807
624	2.113759459956875
625	2.526189503024437
626	1.762956644521068
627	1.5002616788325562
628	1.98418788323669
629	2.3452403325865023
630	1.7478447037689968
631	1.9597532094870214
632	1.9039132201232947
633	2.3095472547723928
634	2.735597993867723
635	1.9089009681431715
636	1.6950161326998054
637	2.3805514341820038
638	1.9968319354988557
639	2.069767436350784
640	1.8874895692177882
641	2.1989853501464007
642	2.060130931086387
643	2.0957460022420427
644	2.212859198931893
645	2.2673939663470755
646	1.916608116279331
647	1.9009471820477621
648	1.8057583404308646
649	2.2754024451353394
650	1.8505069715120854
651	1.6625376444742077
652	2.301061470736049
653	2.684943336142501
654	2.01341832232266
655	2.08101473451673
656	2.160217347513061
657	1.7813859854943326
658	1.8266319949062886
659	1.8374331152256167
660	2.324132675460357
661	2.300932746185951
662	1.9160798813254962
663	2.134642098943916
664	2.118751369522235
665	1.7212538497689327
666	1.862311455242145
667	1.7843356690048187
668	1.733864436686343
669	2.269396680906034
670	1.691873607098335
671	1.9137437177593077
673	1.9482403666165597
674	2.1469226948081066
675	2.281970670678714
676	2.570210300641691
677	2.5031601244719455
678	1.825555613035022
679	1.749383776398995
680	1.7303321010080333
681	2.0271131983256048
682	1.7632308602196456
683	1.736503940636333
684	1.844479351138189
685	2.2584055710997815
686	1.657770860456935
687	1.8176171713400544
688	1.6905774871116088
689	1.7933809429233796
690	1.6719073294961395
691	1.9962828527375969
692	2.223890268412709
693	1.6553580473345206
694	2.5070672945908163
695	1.7366563698824684
696	2.0893426301443565
697	1.9240679502580293
698	1.660135927964687
699	1.648057319256107
700	1.7900722858510447
