301	1.34523088864931
302	1.4448145916570698
303	1.958997681542086
304	2.1399787520098315
305	1.3047029870914655
306	1.256972592946464
307	1.3378207650913814
308	2.0405428278697486
309	1.4681720154030236
310	1.3558790338371185
311	1.4006558592961411
312	3.1820525118994287
313	2.0511391010493663
314	1.541588300779829
315	1.2280102217940965
316	2.332911622056703
317	1.2109213749105965
318	1.1104956490781237
319	1.486484689661358
320	1.6383261079381004
321	1.38486978458437
322	1.2243008487551923
323	1.3820308103367986
324	1.5122645963325654
325	1.1582065577443754
326	1.4480451809992976
327	1.214558922060045
328	1.4167926685962557
329	1.3505851493382561
330	1.5832535537523438
331	1.1062903234813677
332	1.23375581039887
333	1.8204509381331182
334	1.2516965430793165
335	1.4621942621629969
336	1.2746591102523697
337	2.308615952515578
338	1.4805764530197854
339	1.4193250328489184
340	1.2985649006711764
341	1.4792988914430452
342	1.344242681313319
343	1.3946950191963057
344	1.2077102577627599
345	1.3480102197244541
346	1.4332730108604452
347	1.7011032763208105
348	3.2579288954000885
349	2.002421693410221
350	1.2263487710093999
351	1.4700763175964886
352	1.1802717685476536
353	1.4857966396979878
354	1.2554826640517875
355	1.3458483758575666
356	1.7788667172037311
357	1.427939075507934
358	1.4046910330220364
359	1.244109364403047
360	1.330216499435028
361	1.5394515922235663
362	1.4399249579258573
363	1.2031391893552947
364	2.6700342758431215
365	1.5806425916980915
366	1.1913076494889816
367	1.639092506809894
368	2.2739429431815488
369	2.808193423348654
370	1.6903386114586099
371	1.2068803811836022
372	1.2776209529229174
373	1.2894849128051036
374	1.2927937782454355
375	1.5376504534765072
376	1.355019479957691
377	1.515615741234366
378	1.5219280116547824
379	2.8046219380390434
380	1.4420604229752005
381	1.3044077085133836
382	1.579392612734578
383	1.3579349921515984
384	1.376870385056833
385	1.2897166902899326
386	1.275923606473119
387	1.7095501658499392
388	1.3962673652393702
389	1.1214454576129116
390	1.3152451994399728
391	1.514419557641557
392	1.7975072292905447
393	1.1994033608863717
394	1.0785016100526343
395	1.3078595211601451
396	1.319705908569005
397	1.0539431167001518
398	1.306840591028868
399	1.6621710408487185
400	1.529680951947131
401	1.287485093708437
402	1.6600558864336685
403	2.637239570185237
404	1.9852946604963873
405	1.3485166879295178
406	1.4275244420765474
407	1.329932079538713
408	1.4576244290136169
409	1.307661169056198
410	1.4745111002909523
411	1.1378740949303758
412	1.4792988914430452
413	1.4472737932714463
414	1.4699726553776733
415	1.2782859315898587
416	1.5078653744271624
417	1.1292027630435884
418	1.377734364816872
419	1.256466346992528
420	1.6249779827626099
421	1.5800125043270514
422	1.2963106789067964
423	2.29833238084903
424	1.5843698393027643
425	1.2974759838072825
426	1.22918923103776
427	1.3027828119106253
428	1.111221223812773
429	2.472141472525333
430	1.5035281299648198
431	1.4071661178353214
432	1.31373666676918
433	1.5401171823378137
434	1.7344853079756966
435	1.024459982506339
436	1.2605173836612173
437	1.4065360696376923
438	1.2400503698037222
439	1.1545828990656024
440	1.236538024964394
441	2.0094108962456807
442	1.435234497534115
443	1.1513739810437613
444	2.4263516925784034
445	1.3474608746934722
446	1.2538201136961493
447	1.4178729332250566
448	1.3399866588255605
449	1.3217945781409668
450	1.6191944771879216
601	1.6167290859767436
602	1.675904900720565
603	1.430523673599797
604	1.9817981651552752
605	1.3822124641592646
606	1.225891394925505
607	1.500172465635952
608	1.0648790950838565
609	1.1997536915277156
610	1.2153172056330812
611	1.7392661357060797
612	1.5490656066049804
613	1.3213683516805292
614	3.946365562948487
615	1.2779409338720993
616	1.4418234691151952
617	1.5374282508035457
618	1.9817702059609952
619	1.7888142668883917
620	1.3706750297979022
621	1.476971679610926
622	1.0761460174111412
623	1.454825918992253
624	1.4721533100101123
625	1.656587450815703
626	1.088738087217979
627	1.2177078162652875
628	1.338112400602582
629	1.6469468277871289
630	1.2238048875902494
631	1.6787609819054239
632	1.329869116594902
633	1.479184857686204
634	1.6088181194137896
635	1.212883742118846
636	1.341884148373305
637	1.4040831193588468
638	1.326835454806992
639	1.2614908170653272
640	1.157427685353102
641	1.6166289745494036
642	1.4099914461107843
643	1.3950320616512124
644	1.4024794102433775
645	1.6593497500219692
646	1.1028528316609394
647	1.400555539023515
648	1.1476373659016246
649	1.6768035481469599
650	1.3281429847523245
651	1.1524276880946653
652	1.6950757810964092
653	1.8221005477406667
654	1.3627174288603108
655	1.4023547639172242
656	1.3723155761667845
657	1.2857184671710848
658	1.2715486669723663
659	1.2542589859974753
660	1.4301309409250458
661	1.4020966635447558
662	1.3395957931330507
663	1.3118481335371783
664	1.4025568486978264
665	1.2262826114053196
666	1.3035237757364795
667	1.1411686865209696
668	1.3349361518358192
669	1.7606846370027445
670	1.0876459230344024
671	1.363729338285513
673	1.5809370328937724
674	1.3402935899519706
675	1.585526185007491
676	1.885345955647039
677	1.5556075839920598
678	1.3642831773521413
679	1.1683160778812847
680	1.2492358651714348
681	1.2902753958497868
682	1.2169849877133196
683	1.137858417204329
684	1.2999149343569303
685	1.4109477962929886
686	1.3115964001538538
687	1.6743473724898619
688	1.057496255426242
689	1.1383650783792605
690	1.2625337474710623
691	1.33468564354675
692	1.4908641446000717
693	1.1638347481279214
694	1.5054092520903177
695	1.2083088391989745
696	1.3761453301143045
697	1.320109855579513
698	1.1266980422176796
699	1.1879618090311401
700	1.3004105015726728
