301	1.6825728387191958
302	1.9961003637392916
303	2.4367687988474582
304	2.3761519914302265
305	1.4941790963347261
306	1.6252978013253878
307	1.600384295026254
308	2.1644585821715934
309	1.933715768860481
310	1.623325443736312
311	1.8975291289873715
312	3.1820525118994287
313	2.362950461364368
314	1.9274917022654081
315	1.558283002537684
316	2.332911622056703
317	1.6779012764856764
318	1.340879936940663
319	1.7373467795794042
320	2.061675923165367
321	1.6246622064142
322	1.41499481633428
323	1.7232654102666274
324	1.9071166309573946
325	1.4149566919980685
326	2.0501370607111657
327	1.5441224818631991
328	2.0871829914295823
329	1.5995358460516513
330	1.7573654665167489
331	1.3898850330785397
332	1.4699765899192574
333	2.2742654258370716
334	1.672579571132686
335	1.8855511429114684
336	1.8269260786728496
337	2.7261639504700357
338	1.8463346738717537
339	1.684004576433111
340	1.6498065540167872
341	1.821506642137823
342	1.7583120556182503
343	1.7479357616860336
344	1.6486550837672227
345	1.6023473581052832
346	1.8222248729488824
347	2.024368091118608
348	3.2579288954000885
349	2.002421693410221
350	1.5482128228360978
351	1.893417142120828
352	1.5660608107548943
353	1.7917984314951492
354	1.5718424438335747
355	1.868169387695595
356	2.6022348608740224
357	1.8774480152037498
358	1.7977384727917638
359	1.517178908163148
360	1.7851151637587441
361	2.051821176681744
362	1.643521170037243
363	1.3982483128471463
364	2.6700342758431215
365	1.8857027670289328
366	1.6618058545228838
367	1.8264124075379378
368	2.3509886451712254
369	2.808193423348654
370	2.480742224157329
371	1.3648312976263504
372	1.661876702354542
373	1.6225326579867296
374	1.7270268210020243
375	1.860593941505891
376	1.6427795913199337
377	1.8521252226199718
378	1.9265609101334713
379	2.8046219380390434
380	1.7342212595331625
381	1.5555815187474982
382	2.175773363011288
383	1.6686696312516187
384	1.7552450647141429
385	1.6895829098194421
386	1.5689787998888978
387	2.009317282476741
388	1.7884384533168682
389	1.3525030428175506
390	1.534803305512411
391	2.2761473876072524
392	1.7975072292905447
393	1.681809658165153
394	1.3579731735197664
395	1.6177292057437507
396	1.7761929365496611
397	1.3659394879459217
398	1.5656862001669574
399	1.8929480437640436
400	1.9165898615238017
401	1.5589990530221134
402	2.166796600984767
403	2.637239570185237
404	2.333275715661737
405	1.8164883108130405
406	1.598820323402181
407	1.766830200663511
408	1.9542052301375328
409	1.5931026591966133
410	1.8373373485284674
411	1.4352080222832835
412	1.821506642137823
413	1.6798895982534776
414	1.7991161409321978
415	1.7251669762987445
416	1.9197220415839749
417	1.4672928904361224
418	1.7531862242351073
419	1.6322290041104461
420	1.9758603392332694
421	1.8740541115482983
422	1.651594966684287
423	2.554410629523146
424	1.5843698393027643
425	1.5723893781994849
426	1.491964678251604
427	1.887583381733752
428	1.2615125340345006
429	2.941223018030941
430	2.0322898132178997
431	1.6648260885687207
432	1.556564950784122
433	1.59386783097535
434	1.8195271016129841
435	1.2563537334193244
436	1.5295209861629164
437	1.7585188660269482
438	1.4758057135293356
439	1.472721797293201
440	1.4740800309067514
441	2.4135200654913747
442	1.8687627988596613
443	1.4491513923410386
444	2.784633544463695
445	1.721778044234199
446	1.5407224984885397
447	1.697157142128447
448	1.5213888057394154
449	1.5002474801952885
450	1.9137499442933308
601	1.9298296001374837
602	1.9650749095600966
603	1.8227911524920448
604	2.492078358695873
605	1.616074785167544
606	1.7999201206618687
607	1.9073547212330497
608	1.3425053568638972
609	1.586824446976874
610	1.582034441104944
611	2.135427248665269
612	1.9586752661930351
613	1.7027820983069206
614	4.252948973474581
615	1.5554607648570347
616	1.7131924764745963
617	1.6721643774210675
618	2.2129451114257113
619	2.1571487470573345
620	1.6609967299226847
621	1.9291142946673787
622	1.4674507782963997
623	1.831651719889662
624	1.8952164681593002
625	2.163716529515031
626	1.2923187309024324
627	1.3724950402398974
628	1.7876297413079176
629	2.1048985617035894
630	1.4720425555263752
631	1.8464236468777782
632	1.623771824722316
633	1.9741186927598153
634	2.261351897789649
635	1.4653517840309631
636	1.5680906847325895
637	1.9956378430100299
638	1.7058675614906327
639	1.6272445053642592
640	1.5378336741552419
641	1.9467550365614494
642	1.8282878143483081
643	1.8483575023683763
644	1.7983640016430213
645	2.0152589826144087
646	1.5044608186838548
647	1.6136332365601267
648	1.4203129784834814
649	2.0452046965429402
650	1.6098269860356744
651	1.4552181135121243
652	2.0300124733811775
653	2.3311123013210606
654	1.7102964772830747
655	1.8282640922654598
656	1.837228866484686
657	1.6055026186313992
658	1.6033089485713163
659	1.5855084826880816
660	2.027062220959498
661	1.917408523781431
662	1.6129897520582899
663	1.6958729724421198
664	1.7399404894615194
665	1.581587870663268
666	1.6071977178979977
667	1.4768087246225965
668	1.5048291999105181
669	2.060741916320902
670	1.3859600510628185
671	1.5841602600446387
673	1.7545463768387881
674	1.7784364227803686
675	1.9708039768185106
676	2.3577028616294387
677	2.207446178569954
678	1.5747158944706632
679	1.395821060201936
680	1.5151397030139562
681	1.6389399808434324
682	1.540318486159421
683	1.472035325407553
684	1.6904976595448977
685	1.7977432541155887
686	1.4666467285181002
687	1.7907142400345077
688	1.3579576589624656
689	1.4979238158374772
690	1.4757938748744561
691	1.6927814748478345
692	1.8351233862362277
693	1.4180135953362696
694	2.118620590623928
695	1.455178570750791
696	1.6664619578148534
697	1.590507688723542
698	1.4296325185666305
699	1.4236300920951659
700	1.5485478188374953
