301	1.4033672628906728
302	1.5569954246234323
303	2.064958615249586
304	2.2031684003987024
305	1.3429296423626533
306	1.3213759829112155
307	1.4397684149285226
308	2.0405428278697486
309	1.587076031602696
310	1.4015598058784742
311	1.5026688543750748
312	3.1820525118994287
313	2.131641264398475
314	1.6140146733692182
315	1.2660730730698508
316	2.332911622056703
317	1.2109213749105965
318	1.1549357998349827
319	1.5439350892813195
320	1.7115245239389223
321	1.3968369325347803
322	1.258761367557516
323	1.4380908803415233
324	1.5926705050108918
325	1.2025319825888576
326	1.5771965541729778
327	1.2676005834254362
328	1.555246136058298
329	1.4005934353076697
330	1.6095769931815818
331	1.1610781542541535
332	1.2851227935794376
333	1.902847593312231
334	1.3259560762832248
335	1.543187446640723
336	1.3464858562380928
337	2.3100550572096443
338	1.5523483972324235
339	1.483585715340818
340	1.3441639892616408
341	1.545000605362559
342	1.4175388960136248
343	1.4668549827896191
344	1.2996680184291134
345	1.3849825868361771
346	1.5094052449907638
347	1.7709557645173
348	3.2579288954000885
349	2.002421693410221
350	1.2700934462206654
351	1.5574422020969014
352	1.2342654322623647
353	1.4997340538786759
354	1.3141706956927128
355	1.4143191470206635
356	1.9369946561682736
357	1.5453115347893345
358	1.5005651766327295
359	1.3047831981596234
360	1.3843017783625224
361	1.6365014565472968
362	1.4405008573987137
363	1.245066952683565
364	2.6700342758431215
365	1.6400668754146952
366	1.2664104655231576
367	1.639092506809894
368	2.2739429431815488
369	2.808193423348654
370	1.8514213920469418
371	1.2326627765566247
372	1.3460260199709764
373	1.345442386524613
374	1.3659727005261315
375	1.6135404511369968
376	1.40915946473024
377	1.5729928995200828
378	1.604623908267001
379	2.8046219380390434
380	1.4912770912344677
381	1.373044702579616
382	1.6951937268029358
383	1.4139303461885482
384	1.4402611524089382
385	1.3674936660607957
386	1.334738451839505
387	1.7639301427046112
388	1.4868316131574333
389	1.1768074036523648
390	1.355675023686439
391	1.6391932251126275
392	1.7975072292905447
393	1.3042826144571498
394	1.1123289080358716
395	1.3839233558048967
396	1.4233776087246401
397	1.1224198350887231
398	1.3493448322038326
399	1.7320048311138923
400	1.6140170292023368
401	1.3401624093689308
402	1.6708621018519259
403	2.637239570185237
404	2.078344502483841
405	1.4262562683760822
406	1.4506848661343126
407	1.357623922142073
408	1.5545125934813544
409	1.3506470694678394
410	1.5537764235963334
411	1.194958203795779
412	1.545000605362559
413	1.505972976355975
414	1.5246512429015109
415	1.361418267983119
416	1.5891541605609931
417	1.189611205256529
418	1.4353604673159335
419	1.3429596579121936
420	1.701231905238018
421	1.627933477392923
422	1.3834504928471
423	2.363286452290587
424	1.5843698393027643
425	1.3588090585186923
426	1.2798934655197747
427	1.387042007838705
428	1.1369473712707987
429	2.5861024299189412
430	1.600540325014122
431	1.4608999908295026
432	1.362888407897041
433	1.548016851804174
434	1.7697627005091918
435	1.0729795756429656
436	1.3193013066285495
437	1.4907354613644825
438	1.2772155345719503
439	1.2281809438602995
440	1.2768980738500932
441	2.1035802862779778
442	1.5509386160866672
443	1.1871194138449306
444	2.4263516925784034
445	1.4014092231886082
446	1.3228605368820125
447	1.4445753837290214
448	1.366396545479153
449	1.3217945781409668
450	1.6614861877167861
601	1.6740578310998808
602	1.7455906563519452
603	1.501639784634242
604	2.0666415719516174
605	1.434632719983108
606	1.3164453799962084
607	1.582703968289241
608	1.1051996988704578
609	1.2519772842231351
610	1.2622241220553365
611	1.8592601364719497
612	1.585847169962733
613	1.4187464539363177
614	3.950921882265172
615	1.326032095753041
616	1.471626722595699
617	1.5705878331086773
618	2.0424380268075377
619	1.8701297021564598
620	1.4297860820637833
621	1.557597808842059
622	1.169849771860118
623	1.529920565670253
624	1.5595090029101275
625	1.721739529799176
626	1.1103532494247466
627	1.243119823673225
628	1.411948836162668
629	1.7270438842990454
630	1.2831446800573054
631	1.7120229306320556
632	1.3801057393831875
633	1.5624745975022487
634	1.7021923253218916
635	1.2814937599016825
636	1.3935485786862034
637	1.4998301555291167
638	1.407724873723499
639	1.3151983613572298
640	1.2265620710779388
641	1.6891570666012765
642	1.4671978439649522
643	1.4798272003359352
644	1.4817385369922205
645	1.712905852498017
646	1.1514637528619645
647	1.4403571421643937
648	1.2042005312485808
649	1.7452591541276379
650	1.3949812358445748
651	1.218516321376095
652	1.7722985145801067
653	1.9303079088504937
654	1.4196555427105433
655	1.4818489302955038
656	1.456949592580119
657	1.3645181596108096
658	1.3015376782628796
659	1.3003664060784155
660	1.5361628266079683
661	1.4928948860553473
662	1.380357632302647
663	1.3950257217777828
664	1.4601799774703963
665	1.2920032223401319
666	1.3632477926299726
667	1.1967942820293367
668	1.3684402992881883
669	1.8305413608145498
670	1.1151722543061569
671	1.3850131323137873
673	1.5996909398561634
674	1.4354456204918118
675	1.6575661565495206
676	1.9964212716313787
677	1.6879221444531272
678	1.3519955650035653
679	1.2170883265473025
680	1.305076276403083
681	1.3676295619368917
682	1.2728769459011855
683	1.1908088450349246
684	1.3636646541518052
685	1.4661511824270872
686	1.3489051209504048
687	1.7222589951889435
688	1.108810614899829
689	1.1939851692909587
690	1.2971003668899115
691	1.3990275839560762
692	1.5539222803447605
693	1.2223771919829474
694	1.6277222302557213
695	1.256695549854431
696	1.4276674545999841
697	1.387420521533718
698	1.1574214797184925
699	1.2470420743080401
700	1.3560496234399235
