301	4.8104328641979786
302	5.376716125021841
303	6.338323898303884
304	5.1702892552367565
305	4.797356844999474
306	4.471705553373737
307	4.414866876294421
308	6.448138488280644
309	5.169152759211076
310	4.812937144033453
311	5.232165299969358
312	6.30296878456855
313	5.943663191590056
314	4.5468281924367435
315	4.714669467516872
316	4.793024263945221
317	4.491162045137817
318	4.412678063618756
319	4.686639334322462
320	5.3833767670110655
321	4.423699509941803
322	4.761549076912918
323	4.747481776755079
324	5.379176258053403
325	4.154034783989683
326	5.133054289610954
327	4.266905025824454
328	5.686386623089001
329	4.691524205721232
330	5.112732468667693
331	4.193282929966034
332	4.406275250522691
333	5.825820799993503
334	4.6204919294250715
335	5.340398337004965
336	4.687837748540799
337	6.903827899195843
338	5.415544995461372
339	4.982485226588663
340	4.616185883287372
341	4.951828281229942
342	4.759427263132407
343	4.731607305202057
344	4.730718370812973
345	4.474765163724009
346	4.636553097303882
347	5.3010750874331265
348	5.872257800962664
349	4.479144518166879
350	4.46504199241256
351	4.747240627538581
352	4.408304229024158
353	4.891033137562201
354	4.616096386513902
355	5.107227719815576
356	6.6748696835261505
357	4.998123072789571
358	4.940015471346864
359	4.268553019434587
360	4.895129205755861
361	5.168819336576911
362	4.978080920291504
363	4.863464863738269
364	6.9510815780014275
365	5.364527712624534
366	4.272663163930189
367	5.212111995749528
368	6.611620284313562
369	6.9383040163181695
370	4.509798947422829
371	4.3949874668957625
372	4.974198040855327
373	4.443999584274631
374	5.015578220844168
375	4.656696714309859
376	5.018520619667896
377	5.864827736254166
378	5.394298260492015
379	5.633071329549754
380	5.090969482933435
381	4.537298350940977
382	5.3087281065828895
383	4.9665149614156725
384	5.456959729834503
385	4.5618757811907695
386	4.808955182479487
387	5.5409077013423405
388	4.980967846812468
389	4.166747650367974
390	4.674412506521182
391	4.31148248136545
392	5.25755723651632
393	4.6672678263588585
394	4.232822498688381
395	4.882151326554992
396	5.025801735570244
397	4.3783044687011845
398	4.815155192683438
399	4.918145272912204
400	5.6033869352710495
401	4.570502475850962
402	4.826857854867285
403	6.374369750226318
404	5.558660009157684
405	4.835431535891369
406	4.315521656066413
407	5.145620788222329
408	5.320411360536905
409	4.452189350808918
410	5.099063034414028
411	4.007692888777478
412	4.951828281229942
413	4.639716641864745
414	4.963260601253236
415	5.056619916514535
416	5.104615845111371
417	4.446066114059205
418	4.434999422586391
419	4.842053423280342
420	4.76127172219502
421	5.252627276059739
422	4.917617649904765
423	5.744994793550421
424	4.62708327906897
425	4.492589003673546
426	4.6224091261332205
427	5.345737470242519
428	3.901721519493704
429	6.412067258749583
430	5.841952745817457
431	4.680873821350551
432	4.62479150405949
433	5.354780921834218
434	5.602054115329167
435	3.95638099996262
436	4.802101330503711
437	4.522603972269815
438	4.48728583649928
439	4.35906727828533
440	4.662739912732339
441	6.224949705281971
442	4.751334652299459
443	4.202999798349603
444	6.320649166048558
445	5.306333485527176
446	4.916829638375187
447	4.520475667915655
448	4.995705040934531
449	4.2421429365027175
450	5.367937354850342
601	5.472793072910758
602	5.335983018056187
603	5.2783444569771545
604	6.321703888616195
605	4.77631074105121
606	5.475529991927281
607	5.660152587772819
608	4.246280803993119
609	4.126867314961673
610	4.59803876453101
611	5.593703385205007
612	5.838366229854927
613	5.262775650180477
614	6.888691765646316
615	4.466810469285772
616	4.411558328455029
617	5.016318919264941
618	6.722952669702148
619	5.871126186813482
620	4.807548045849879
621	6.021576213839146
622	4.175657322216399
623	4.972303659376999
624	5.393904308943733
625	5.390264689992403
626	4.071381336705824
627	4.3366595542973
628	5.083715259873855
629	5.694748804332162
630	4.898580141951528
631	5.210755400443468
632	4.605924314657898
633	5.173422436745219
634	5.6278211974309045
635	4.6467540610498554
636	4.46207467838321
637	4.876303018871629
638	4.598933068754007
639	4.545270091467702
640	4.753597341631644
641	5.454523721657763
642	4.917638201020118
643	4.939944367276462
644	4.930366671453433
645	5.469432601216884
646	4.454383340798985
647	4.524342308104969
648	4.5572346771019445
649	5.489732851951999
650	4.558714952847618
651	4.320098391917841
652	4.995013315424333
653	5.789217216680304
654	4.943046302860341
655	4.74162551063649
656	4.774118910932285
657	4.550332665512532
658	4.526061038476635
659	4.698284704388206
660	5.73837200862992
661	5.4997270727163485
662	4.325419521669259
663	4.756817537217387
664	5.126361067939821
665	4.618216377647735
666	4.982346497426742
667	4.369021074340384
668	4.493599101031765
669	5.5582984468406496
670	4.150949528679822
671	4.731524837506171
673	5.084368783785386
674	5.025222175815569
675	5.206037802006756
676	5.864308498762385
677	5.790016495775613
678	4.649991247101488
679	4.2413908656199535
680	4.660674494277821
681	4.533653042808374
682	4.617862336220932
683	4.398835082671442
684	4.231660962642172
685	4.693552228581123
686	3.9406373865979893
687	5.446251958158132
688	4.193195105170556
689	4.542860638938442
690	4.564737765851126
691	5.356223278778875
692	5.156131113021498
693	4.41584566332011
694	5.854783385553622
695	4.507502361261126
696	5.071146915889344
697	4.898209111291291
698	4.328455793410452
699	4.160238420460511
700	4.5782755843522915
