1000	10	0.349802986668
1000	100	0.317469954971
1000	1000	0.299282624642
1000	20	0.353440452734
1000	200	0.319086606556
1000	5	0.309386697047
1000	50	0.331615656338
1000	500	0.299686787538
1000	75	0.323532398414
100	10	0.403152488967
100	100	0.438314660937
100	1000	0.407598280825
100	20	0.397898371316
100	200	0.441547964107
100	5	0.376477737817
100	50	0.436698009352
100	500	0.422956470881
100	75	0.431039728805
10	10	0.314236651801
10	100	0.313024163113
10	1000	0.296049321472
10	20	0.28877438934
10	200	0.31221583732
10	5	0.313024163113
10	50	0.310195022839
10	500	0.299686787538
10	75	0.317469954971
1	10	0.242699819173
1	100	0.158229773865
1	1000	0.10973022632
1	20	0.195816923213
1	200	0.136000814574
1	5	0.230979095183
1	50	0.177629592883
1	500	0.10973022632
1	75	0.167525520478
20	10	0.361119547761
20	100	0.417702353231
20	1000	0.392644253666
20	20	0.354652941422
20	200	0.404364977656
20	5	0.367586154101
20	50	0.395069231043
20	500	0.389815113392
20	75	0.402748326071
250	10	0.383752669949
250	100	0.383348507053
250	1000	0.375265249129
250	20	0.387794298911
250	200	0.391835927873
250	5	0.354652941422
250	50	0.384560995741
250	500	0.378094389402
250	75	0.388198461807
500	10	0.399110860005
500	100	0.360715384865
500	1000	0.334848959508
500	20	0.384156832845
500	200	0.342528054536
500	5	0.347782172187
500	50	0.358290407488
500	500	0.340911402951
500	75	0.365161176724
50	10	0.406789955033
50	100	0.441143801211
50	1000	0.413660724268
50	20	0.398302534213
50	200	0.428210588532
50	5	0.360311221969
50	50	0.427806425636
50	500	0.425381448258
50	75	0.432252217494
5	10	0.245933122342
5	100	0.220470859881
5	1000	0.223704163051
5	20	0.216025068023
5	200	0.197837737694
5	5	0.279478642728
5	50	0.228554117805
5	500	0.223300000155
5	75	0.220066696985
75	10	0.411235746891
75	100	0.443164615692
75	1000	0.415681538749
75	20	0.393048416562
75	200	0.443164615692
75	5	0.383752669949
75	50	0.433868869079
75	500	0.431443891702
75	75	0.443972941484
