100	100	1	0.276100848386
100	100	10	0.289189794311
100	100	100	0.203669056259
100	100	20	0.288379171201
100	100	5	0.275814513004
100	100	50	0.231230241982
100	100	75	0.215423091347
100	10	1	0.306297921699
100	10	10	0.29770133696
100	10	100	0.255548935267
100	10	20	0.29770133696
100	10	5	0.283920744099
100	10	50	0.275003889895
100	10	75	0.262033920143
100	1	1	0.045111541341
100	1	10	0.339589622375
100	1	100	0.339386103104
100	1	20	0.354343265817
100	1	5	0.320895005234
100	1	50	0.351365473646
100	1	75	0.341820432594
100	20	1	0.271813171806
100	20	10	0.298106648515
100	20	100	0.255954246822
100	20	20	0.310265995157
100	20	5	0.282704809435
100	20	50	0.278651693887
100	20	75	0.256764869931
100	50	1	0.275043452797
100	50	10	0.280272940106
100	50	100	0.217044337566
100	50	20	0.291621663639
100	50	5	0.274193266785
100	50	50	0.244605523289
100	50	75	0.228798372654
100	5	1	0.316196563962
100	5	10	0.30621287961
100	5	100	0.302565075617
100	5	20	0.322830653355
100	5	5	0.257586820368
100	5	50	0.318372226252
100	5	75	0.311481929822
100	75	1	0.285309646131
100	75	10	0.286757924982
100	75	100	0.210154041135
100	75	20	0.293242909858
100	75	5	0.275003889895
100	75	50	0.232040865092
100	75	75	0.216639026011
10	100	1	0.271745841579
10	100	10	0.279462316997
10	100	5	0.258614895964
10	10	1	0.277935308325
10	10	10	0.27446231528
10	10	5	0.259613514255
10	1	1	0.045111541341
10	1	10	0.24986633816
10	1	5	0.252198150292
10	20	1	0.236797215534
10	20	10	0.268343356
10	20	5	0.261470016332
10	50	1	0.26265788059
10	50	10	0.262844543252
10	50	5	0.2498745735
10	5	1	0.264595744508
10	5	10	0.273615913017
10	5	5	0.215605212176
10	75	1	0.271282570889
10	75	10	0.272977332121
10	75	5	0.257398838459
1	100	1	-0.00325734557958
1	10	1	0.045111541341
1	1	1	0.045111541341
1	20	1	-0.00325734557958
1	50	1	-0.00325734557958
1	5	1	0.045111541341
1	75	1	-0.00325734557958
20	100	1	0.27762553249
20	100	10	0.283515432544
20	100	20	0.302565075617
20	100	5	0.269329528128
20	10	1	0.290324967083
20	10	10	0.284441004539
20	10	20	0.296139923033
20	10	5	0.272081420185
20	1	1	0.045111541341
20	1	10	0.301420266192
20	1	20	0.325759764406
20	1	5	0.29003200566
20	20	1	0.249970084581
20	20	10	0.288379171201
20	20	20	0.31391379915
20	20	5	0.274654069616
20	50	1	0.267150790181
20	50	10	0.279057005442
20	50	20	0.293242909858
20	50	5	0.256764869931
20	5	1	0.295015205721
20	5	10	0.292326726334
20	5	20	0.31583342275
20	5	5	0.234469182819
20	75	1	0.276765127035
20	75	10	0.277030447668
20	75	20	0.292837598303
20	75	5	0.26608703569
50	100	1	0.282522713719
50	100	10	0.286352613428
50	100	20	0.294053532968
50	100	5	0.278246382333
50	100	50	0.238931161522
50	10	1	0.301340665465
50	10	10	0.295269467632
50	10	20	0.298106648515
50	10	5	0.28455487074
50	10	50	0.276625136114
50	1	1	0.045111541341
50	1	10	0.332151682307
50	1	20	0.34820155363
50	1	5	0.314461198723
50	1	50	0.349364530742
50	20	1	0.264639683178
50	20	10	0.296890713851
50	20	20	0.309050060493
50	20	5	0.276625136114
50	20	50	0.279462316997
50	50	1	0.274766557793
50	50	10	0.279867628552
50	50	20	0.293648221413
50	50	5	0.270545462792
50	50	50	0.251090508165
50	5	1	0.296785814298
50	5	10	0.301248274422
50	5	20	0.31941777119
50	5	5	0.246770482655
50	5	50	0.31391379915
50	75	1	0.2861788677
50	75	10	0.286352613428
50	75	20	0.292432286749
50	75	5	0.271356085902
50	75	50	0.245416146398
5	100	1	0.242705261549
5	100	5	0.229389124113
5	10	1	0.267384610235
5	10	5	0.206350955175
5	1	1	0.045111541341
5	1	5	0.15973590451
5	20	1	0.204215374027
5	20	5	0.227925877371
5	50	1	0.230558704546
5	50	5	0.228449731273
5	5	1	0.250685141629
5	5	5	0.166892565237
5	75	1	0.249079598618
5	75	5	0.228577845159
75	100	1	0.279457327216
75	100	10	0.290405728975
75	100	20	0.292026975194
75	100	5	0.278246382333
75	100	50	0.235688669084
75	100	75	0.218665583785
75	10	1	0.298802560205
75	10	10	0.296080090741
75	10	20	0.295269467632
75	10	5	0.283687416444
75	10	50	0.277435759223
75	10	75	0.264871101026
75	1	1	0.045111541341
75	1	10	0.334167457438
75	1	20	0.353482125436
75	1	5	0.320049332964
75	1	50	0.348523696274
75	1	75	0.342226154176
75	20	1	0.272709215771
75	20	10	0.298917271625
75	20	20	0.313508487595
75	20	5	0.281894186325
75	20	50	0.275814513004
75	20	75	0.262439231698
75	50	1	0.273585977987
75	50	10	0.281083563216
75	50	20	0.292837598303
75	50	5	0.271761397457
75	50	50	0.246632081062
75	50	75	0.233256799756
75	5	1	0.305416117217
75	5	10	0.302048652052
75	5	20	0.324282001208
75	5	5	0.253200589902
75	5	50	0.312697864486
75	5	75	0.318372226252
75	75	1	0.285251144979
75	75	10	0.284326055654
75	75	20	0.288784482756
75	75	5	0.272166709011
75	75	50	0.233662111311
75	75	75	0.221502764668
