100	100	1	0.251289299805
100	100	10	0.276977893855
100	100	100	0.179998381026
100	100	20	0.261883554183
100	100	5	0.266483116916
100	100	50	0.212065755007
100	100	75	0.197943153941
100	10	1	0.323049899281
100	10	10	0.396177829463
100	10	100	0.310729614753
100	10	20	0.386006965392
100	10	5	0.391060006141
100	10	50	0.340140903213
100	10	75	0.323686129493
100	1	1	0.0524424468651
100	1	10	0.334180906432
100	1	100	0.316236133517
100	1	20	0.344805248519
100	1	5	0.329127865684
100	1	50	0.350376549857
100	1	75	0.328220909652
100	20	1	0.315561656876
100	20	10	0.370264799983
100	20	100	0.269851810748
100	20	20	0.350117419562
100	20	5	0.365341324382
100	20	50	0.307620051215
100	20	75	0.288120496531
100	50	1	0.291351154424
100	50	10	0.318373958449
100	50	100	0.219127055541
100	50	20	0.306389182315
100	50	5	0.31383917829
100	50	50	0.256506600566
100	50	75	0.238237914782
100	5	1	0.320011951401
100	5	10	0.414770428115
100	5	100	0.339881772918
100	5	20	0.407644345008
100	5	5	0.388468703193
100	5	50	0.369357843951
100	5	75	0.351218723315
100	75	1	0.263224480604
100	75	10	0.291553972937
100	75	100	0.199368370562
100	75	20	0.281642239161
100	75	5	0.280670500556
100	75	50	0.234415742934
100	75	75	0.21964531613
10	100	1	0.248653919018
10	100	10	0.285399628436
10	100	5	0.275099199218
10	10	1	0.285760403861
10	10	10	0.393910439384
10	10	5	0.383156532149
10	1	1	0.0524424468651
10	1	10	0.301983967303
10	1	5	0.287019192778
10	20	1	0.298472120423
10	20	10	0.374346102126
10	20	5	0.365276541808
10	50	1	0.282258557153
10	50	10	0.322520043166
10	50	5	0.320965261397
10	5	1	0.288655822346
10	5	10	0.408292170745
10	5	5	0.370523930278
10	75	1	0.259725427356
10	75	10	0.301336141566
10	75	5	0.285853106452
1	100	1	0.0674155382255
1	10	1	0.107269556987
1	1	1	0.0527515750369
1	20	1	0.107269556987
1	50	1	0.101308732771
1	5	1	0.0490900408081
1	75	1	0.0674155382255
20	100	1	0.251289299805
20	100	10	0.276977893855
20	100	20	0.261883554183
20	100	5	0.266483116916
20	10	1	0.323049899281
20	10	10	0.396177829463
20	10	20	0.386006965392
20	10	5	0.391060006141
20	1	1	0.0524424468651
20	1	10	0.334180906432
20	1	20	0.344805248519
20	1	5	0.329127865684
20	20	1	0.315561656876
20	20	10	0.370264799983
20	20	20	0.350117419562
20	20	5	0.365341324382
20	50	1	0.291351154424
20	50	10	0.318373958449
20	50	20	0.306389182315
20	50	5	0.31383917829
20	5	1	0.320011951401
20	5	10	0.414770428115
20	5	20	0.407644345008
20	5	5	0.388468703193
20	75	1	0.263224480604
20	75	10	0.291553972937
20	75	20	0.281642239161
20	75	5	0.280670500556
50	100	1	0.251289299805
50	100	10	0.276977893855
50	100	20	0.261883554183
50	100	5	0.266483116916
50	100	50	0.212065755007
50	10	1	0.323049899281
50	10	10	0.396177829463
50	10	20	0.386006965392
50	10	5	0.391060006141
50	10	50	0.340140903213
50	1	1	0.0524424468651
50	1	10	0.334180906432
50	1	20	0.344805248519
50	1	5	0.329127865684
50	1	50	0.350376549857
50	20	1	0.315561656876
50	20	10	0.370264799983
50	20	20	0.350117419562
50	20	5	0.365341324382
50	20	50	0.307620051215
50	50	1	0.291351154424
50	50	10	0.318373958449
50	50	20	0.306389182315
50	50	5	0.31383917829
50	50	50	0.256506600566
50	5	1	0.320011951401
50	5	10	0.414770428115
50	5	20	0.407644345008
50	5	5	0.388468703193
50	5	50	0.369357843951
50	75	1	0.263224480604
50	75	10	0.291553972937
50	75	20	0.281642239161
50	75	5	0.280670500556
50	75	50	0.234415742934
5	100	1	0.243944307153
5	100	5	0.270823549353
5	10	1	0.260452572612
5	10	5	0.367997409904
5	1	1	0.0524424468651
5	1	5	0.256830513434
5	20	1	0.269607222354
5	20	5	0.36443436835
5	50	1	0.264197666939
5	50	5	0.308850920115
5	5	1	0.282761575314
5	5	5	0.344740465945
5	75	1	0.251140891993
5	75	5	0.280346587687
75	100	1	0.251289299805
75	100	10	0.276977893855
75	100	20	0.261883554183
75	100	5	0.266483116916
75	100	50	0.212065755007
75	100	75	0.197943153941
75	10	1	0.323049899281
75	10	10	0.396177829463
75	10	20	0.386006965392
75	10	5	0.391060006141
75	10	50	0.340140903213
75	10	75	0.323686129493
75	1	1	0.0524424468651
75	1	10	0.334180906432
75	1	20	0.344805248519
75	1	5	0.329127865684
75	1	50	0.350376549857
75	1	75	0.328220909652
75	20	1	0.315561656876
75	20	10	0.370264799983
75	20	20	0.350117419562
75	20	5	0.365341324382
75	20	50	0.307620051215
75	20	75	0.288120496531
75	50	1	0.291351154424
75	50	10	0.318373958449
75	50	20	0.306389182315
75	50	5	0.31383917829
75	50	50	0.256506600566
75	50	75	0.238237914782
75	5	1	0.320011951401
75	5	10	0.414770428115
75	5	20	0.407644345008
75	5	5	0.388468703193
75	5	50	0.369357843951
75	5	75	0.351218723315
75	75	1	0.263224480604
75	75	10	0.291553972937
75	75	20	0.281642239161
75	75	5	0.280670500556
75	75	50	0.234415742934
75	75	75	0.21964531613
