100	1	0.0285962963195
100	10	0.194267275547
100	15	0.211782235569
100	20	0.21248060245
100	3	0.140598900055
100	5	0.213929895142
10	1	0.199500442581
10	10	0.240079170339
10	15	0.266641457356
10	20	0.229850307904
10	3	0.243107219065
10	5	0.309987596439
1	1	0.0915299313415
1	10	0.0539770844533
1	15	-0.0558867170265
1	20	-0.0558867170265
1	3	0.0948938551302
1	5	0.0365957843023
20	1	0.161663023141
20	10	0.24587870816
20	15	0.244621193971
20	20	0.225652295459
20	3	0.255086817073
20	5	0.222741009745
500	1	-0.00659378065685
500	10	0.108404494349
500	15	0.0966498179164
500	20	0.0957599860813
500	3	0.0612688996871
500	5	0.049365172458
50	1	0.0774645122307
50	10	0.222002115699
50	15	0.217124387841
50	20	0.242391746298
50	3	0.208074465075
50	5	0.208624305251
75	1	0.0548143679417
75	10	0.185108049991
75	15	0.241802218455
75	20	0.26480359686
75	3	0.207088880942
75	5	0.201372905396
