1000	10	0.356942862317
1000	100	0.298419175537
1000	1000	0.258254100345
1000	20	0.344054135267
1000	200	0.291425112076
1000	5	0.374028482958
1000	50	0.315816721678
1000	500	0.267897220468
1000	75	0.313539229289
100	10	0.375871312656
100	100	0.407886492178
100	1000	0.340888899981
100	20	0.369945131019
100	200	0.389256146187
100	5	0.402505241089
100	50	0.398534027928
100	500	0.368375904281
100	75	0.400735450474
10	10	0.364603523944
10	100	0.362626341981
10	1000	0.332304874749
10	20	0.37380896499
10	200	0.349886273084
10	5	0.32604723638
10	50	0.361485352109
10	500	0.336346832009
10	75	0.364479525469
1	10	0.360059539852
1	100	0.259547876631
1	1000	0.171673741538
1	20	0.301020122143
1	200	0.203331497786
1	5	0.336350654128
1	50	0.306103015168
1	500	0.171673741538
1	75	0.294409163716
20	10	0.387366595272
20	100	0.409058266939
20	1000	0.372223756228
20	20	0.412913438466
20	200	0.409212057885
20	5	0.401467026053
20	50	0.415896727447
20	500	0.369749169727
20	75	0.40672068389
250	10	0.355863929887
250	100	0.351786514018
250	1000	0.308432189605
250	20	0.323428931764
250	200	0.3446180572
250	5	0.36585267015
250	50	0.348229075504
250	500	0.329114665211
250	75	0.351867410515
500	10	0.374048862889
500	100	0.321137497576
500	1000	0.274628065993
500	20	0.338390022424
500	200	0.313156462363
500	5	0.357657228028
500	50	0.3213436921
500	500	0.29995352593
500	75	0.323238899707
50	10	0.411342942646
50	100	0.428410865695
50	1000	0.368096623735
50	20	0.397999182481
50	200	0.403672703932
50	5	0.401005814095
50	50	0.420109271993
50	500	0.396852788468
50	75	0.422855871074
5	10	0.3468256721
5	100	0.277525144365
5	1000	0.236310547992
5	20	0.337864003153
5	200	0.260941442726
5	5	0.349648802437
5	50	0.323490123793
5	500	0.246872320454
5	75	0.290926832601
75	10	0.418229536458
75	100	0.423220825857
75	1000	0.353545845333
75	20	0.370075838038
75	200	0.400609863696
75	5	0.397610698377
75	50	0.396837193617
75	500	0.381787851017
75	75	0.413379792277
