1000	10	0.239049070319
1000	100	0.268051779504
1000	1000	0.259591639303
1000	20	0.244666000094
1000	200	0.278483597731
1000	5	0.222715347768
1000	50	0.259817723665
1000	500	0.269134818453
1000	75	0.26222230689
100	10	0.344671843395
100	100	0.383321947089
100	1000	0.346018058623
100	20	0.389372838877
100	200	0.38079911028
100	5	0.315234397023
100	50	0.372376544645
100	500	0.361883923901
100	75	0.378478984782
10	10	0.319627602159
10	100	0.284884752046
10	1000	0.254979043123
10	20	0.325228663155
10	200	0.270484517568
10	5	0.356249133532
10	50	0.299766529758
10	500	0.265380801974
10	75	0.297534046726
1	10	0.214230056677
1	100	0.144616191978
1	1000	0.100158556302
1	20	0.188350346944
1	200	0.111930665254
1	5	0.20311296669
1	50	0.16271623044
1	500	0.112754995019
1	75	0.152843720815
20	10	0.359271562374
20	100	0.360031441804
20	1000	0.316551810311
20	20	0.367508410656
20	200	0.34588038978
20	5	0.356812248678
20	50	0.365457401396
20	500	0.339196803178
20	75	0.360200271836
250	10	0.298948494848
250	100	0.337356712525
250	1000	0.310623994331
250	20	0.32915752922
250	200	0.335377250891
250	5	0.281466349141
250	50	0.336897913123
250	500	0.322235627934
250	75	0.337904035534
500	10	0.265027394862
500	100	0.299659620658
500	1000	0.278727394851
500	20	0.288345678066
500	200	0.30256651682
500	5	0.269614425222
500	50	0.300887011499
500	500	0.289212001836
500	75	0.30516795198
50	10	0.360006798084
50	100	0.391374994031
50	1000	0.350931366781
50	20	0.386176300936
50	200	0.384378727667
50	5	0.31962692743
50	50	0.376109233549
50	500	0.367564371298
50	75	0.38387421578
5	10	0.263364991875
5	100	0.186070583388
5	1000	0.165628059437
5	20	0.244625913221
5	200	0.18230146997
5	5	0.263700358077
5	50	0.206533566799
5	500	0.17452940917
5	75	0.187671597835
75	10	0.344518757711
75	100	0.384416021134
75	1000	0.344019395975
75	20	0.384193654521
75	200	0.378633389761
75	5	0.320766170405
75	50	0.373586634601
75	500	0.361746264408
75	75	0.37872568488
