1000	10	0.168445880953
1000	100	0.176362058717
1000	1000	0.168835201171
1000	20	0.170197821933
1000	200	0.177594906074
1000	5	0.160335043079
1000	50	0.177659792777
1000	500	0.172923063459
1000	75	0.172987950162
100	10	0.263504900828
100	100	0.266359915759
100	1000	0.25377189538
100	20	0.288940488398
100	200	0.271615738701
100	5	0.240794554783
100	50	0.264023994452
100	500	0.262336940174
100	75	0.263829334343
10	10	0.241508308515
10	100	0.203419813862
10	1000	0.18641949768
10	20	0.23943193402
10	200	0.197644897297
10	5	0.261493413035
10	50	0.214839873588
10	500	0.190961566889
10	75	0.208870296913
1	10	0.164752675088
1	100	0.11471969088
1	1000	0.0935666257064
1	20	0.149498963681
1	200	0.105181345541
1	5	0.156192412143
1	50	0.116212085049
1	500	0.108231020581
1	75	0.117899139326
20	10	0.266035482244
20	100	0.24942448628
20	1000	0.224118672115
20	20	0.267852309928
20	200	0.24313047609
20	5	0.261363639629
20	50	0.25876817151
20	500	0.236252485574
20	75	0.249878693201
250	10	0.2194468295
250	100	0.233073037127
250	1000	0.229050061542
250	20	0.241767855327
250	200	0.235214298326
250	5	0.213347479419
250	50	0.238653293584
250	500	0.231321096147
250	75	0.235279185029
500	10	0.192908167979
500	100	0.204912208031
500	1000	0.199267064871
500	20	0.205431301655
500	200	0.206015281982
500	5	0.200499912228
500	50	0.215229193806
500	500	0.201797646288
500	75	0.212698612389
50	10	0.270837098265
50	100	0.271550851998
50	1000	0.250787107042
50	20	0.285825926655
50	200	0.270837098265
50	5	0.240275461159
50	50	0.265062181699
50	500	0.260325452381
50	75	0.269344704097
5	10	0.203874020783
5	100	0.140544598669
5	1000	0.128281011804
5	20	0.183304935937
5	200	0.137819357143
5	5	0.198618197841
5	50	0.147941682809
5	500	0.134250588479
5	75	0.142361426352
75	10	0.263375127422
75	100	0.26681412268
75	1000	0.245206850586
75	20	0.284657966001
75	200	0.267982083334
75	5	0.24442821015
75	50	0.266035482244
75	500	0.258443737995
75	75	0.269020270582
