1000	10	0.371084141802
1000	100	0.422891830609
1000	1000	0.410180502817
1000	20	0.384496568366
1000	200	0.436979680776
1000	5	0.35869054976
1000	50	0.40772728052
1000	500	0.425127221628
1000	75	0.413032230075
100	10	0.439706976904
100	100	0.511356799794
100	1000	0.47508639048
100	20	0.490387808232
100	200	0.511010058173
100	5	0.403312372827
100	50	0.493395654539
100	500	0.492622905969
100	75	0.501013777767
10	10	0.405247403484
10	100	0.369042139037
10	1000	0.351335742994
10	20	0.397523274153
10	200	0.359677422009
10	5	0.417306969691
10	50	0.377655476152
10	500	0.357525743605
10	75	0.378140844849
1	10	0.242715053667
1	100	0.168901128692
1	1000	0.116863892311
1	20	0.214538670782
1	200	0.135233293462
1	5	0.245806157741
1	50	0.184285537567
1	500	0.123745350907
1	75	0.173979319393
20	10	0.431747507288
20	100	0.442175780958
20	1000	0.400232709668
20	20	0.440838413773
20	200	0.42739186938
20	5	0.416110242641
20	50	0.456981326444
20	500	0.422415281998
20	75	0.446767798245
250	10	0.402486776543
250	100	0.480759996892
250	1000	0.460473483709
250	20	0.440869104931
250	200	0.482600599519
250	5	0.384094708569
250	50	0.464221544188
250	500	0.472375114146
250	75	0.47262724062
500	10	0.383631019646
500	100	0.455070756549
500	1000	0.436059043099
500	20	0.415363596446
500	200	0.462167537644
500	5	0.390999461997
500	50	0.445066819606
500	500	0.447652334906
500	75	0.450692915254
50	10	0.441680824579
50	100	0.499422626579
50	1000	0.453747662659
50	20	0.471822346561
50	200	0.49192651219
50	5	0.385887898522
50	50	0.486779388319
50	500	0.478161837533
50	75	0.490770099102
5	10	0.346740149436
5	100	0.280462038169
5	1000	0.271521520838
5	20	0.324727356184
5	200	0.285582866184
5	5	0.345872516742
5	50	0.296755155991
5	500	0.273095541476
5	75	0.27358597294
75	10	0.430293125393
75	100	0.502729057619
75	1000	0.46324698726
75	20	0.473773302109
75	200	0.49820766339
75	5	0.397638934957
75	50	0.490621731308
75	500	0.483283101606
75	75	0.491752192523
