100	100	1	0.179764633559
100	100	10	0.291338564188
100	100	100	0.0563349206154
100	100	20	0.257906372733
100	100	5	0.255507544286
100	100	50	0.141902944093
100	100	75	0.0913124270622
100	10	1	0.387351785662
100	10	10	0.482656597161
100	10	100	0.30920963069
100	10	20	0.465981732633
100	10	5	0.462593544595
100	10	50	0.378979468675
100	10	75	0.337798419301
100	1	1	0.0255485185355
100	1	10	0.484536075529
100	1	100	0.364812548456
100	1	20	0.506648053767
100	1	5	0.472302075264
100	1	50	0.420870606801
100	1	75	0.383539854072
100	20	1	0.356061974275
100	20	10	0.441065486607
100	20	100	0.252884588476
100	20	20	0.409909514933
100	20	5	0.4300465098
100	20	50	0.324816405414
100	20	75	0.283622517106
100	50	1	0.27436866366
100	50	10	0.368903259193
100	50	100	0.142377327813
100	50	20	0.335423345502
100	50	5	0.349878834618
100	50	50	0.221343325881
100	50	75	0.178134732408
100	5	1	0.380296817544
100	5	10	0.499186614673
100	5	100	0.348324748065
100	5	20	0.49150121801
100	5	5	0.463705719486
100	5	50	0.41535746345
100	5	75	0.375352657094
100	75	1	0.204820166713
100	75	10	0.323473378408
100	75	100	0.0860772520806
100	75	20	0.289170928906
100	75	5	0.289137674388
100	75	50	0.173530200673
100	75	75	0.121150773228
10	100	1	0.194965774551
10	100	10	0.331624581909
10	100	5	0.284241692
10	10	1	0.373542167832
10	10	10	0.483758771339
10	10	5	0.447704116221
10	1	1	0.0255485185355
10	1	10	0.448634521571
10	1	5	0.445010885195
10	20	1	0.343385882674
10	20	10	0.447142797736
10	20	5	0.425321808021
10	50	1	0.278734484533
10	50	10	0.393980149402
10	50	5	0.365109982132
10	5	1	0.37120432584
10	5	10	0.490123029634
10	5	5	0.445968539946
10	75	1	0.214371012472
10	75	10	0.358727039139
10	75	5	0.31291767548
1	100	1	0.0794153110796
1	10	1	0.119166045437
1	1	1	0.0382620937467
1	20	1	0.119166045437
1	50	1	0.128208139481
1	5	1	0.0227782419838
1	75	1	0.0794153110796
20	100	1	0.187456079746
20	100	10	0.325223253978
20	100	20	0.303550846159
20	100	5	0.277153164156
20	10	1	0.381220431002
20	10	10	0.485404086159
20	10	20	0.478309702141
20	10	5	0.463691096054
20	1	1	0.0255485185355
20	1	10	0.472833288677
20	1	20	0.509390417024
20	1	5	0.466974482237
20	20	1	0.34931657835
20	20	10	0.448577890692
20	20	20	0.426234059081
20	20	5	0.431772965703
20	50	1	0.27633954838
20	50	10	0.390788519627
20	50	20	0.37089933259
20	50	5	0.362454244572
20	5	1	0.376245916507
20	5	10	0.494698072476
20	5	20	0.496493237189
20	5	5	0.459175224915
20	75	1	0.210372363792
20	75	10	0.353105020484
20	75	20	0.331343228783
20	75	5	0.307232734893
50	100	1	0.182579325577
50	100	10	0.305672756748
50	100	20	0.277944057493
50	100	5	0.264623639729
50	100	50	0.167762313614
50	10	1	0.385402094014
50	10	10	0.483506021127
50	10	20	0.470316592133
50	10	5	0.46190412362
50	10	50	0.403776039604
50	1	1	0.0255485185355
50	1	10	0.481704583631
50	1	20	0.506683809011
50	1	5	0.470992136712
50	1	50	0.441276518962
50	20	1	0.355330760259
50	20	10	0.443860441987
50	20	20	0.416043881672
50	20	5	0.431388514282
50	20	50	0.348298487187
50	50	1	0.275788854669
50	50	10	0.37756542819
50	50	20	0.34921568762
50	50	5	0.354914168203
50	50	50	0.246289797761
50	5	1	0.378181596576
50	5	10	0.497343102858
50	5	20	0.491970073489
50	5	5	0.461727013922
50	5	50	0.436367424146
50	75	1	0.207141259806
50	75	10	0.335639962412
50	75	20	0.306705965607
50	75	5	0.296308002633
50	75	50	0.199572347517
5	100	1	0.188522246954
5	100	5	0.283950080774
5	10	1	0.339827498037
5	10	5	0.428390143862
5	1	1	0.0255485185355
5	1	5	0.40279045778
5	20	1	0.31857829365
5	20	5	0.427266739852
5	50	1	0.266818930099
5	50	5	0.370277444223
5	5	1	0.346663786672
5	5	5	0.412654412516
5	75	1	0.204364240691
5	75	5	0.313418754427
75	100	1	0.180931295807
75	100	10	0.296814793055
75	100	20	0.265565040747
75	100	5	0.25784556848
75	100	50	0.152556519326
75	100	75	0.102884222982
75	10	1	0.386780601676
75	10	10	0.483267741847
75	10	20	0.4675206099
75	10	5	0.462357475196
75	10	50	0.387319818035
75	10	75	0.350979905969
75	1	1	0.0255485185355
75	1	10	0.484281802518
75	1	20	0.50554656129
75	1	5	0.471979240543
75	1	50	0.422605852071
75	1	75	0.391498048538
75	20	1	0.356113775819
75	20	10	0.44260346853
75	20	20	0.412237391647
75	20	5	0.430349035818
75	20	50	0.333428433471
75	20	75	0.296000424307
75	50	1	0.275379493076
75	50	10	0.372186138556
75	50	20	0.340479273219
75	50	5	0.35110229856
75	50	50	0.230960374554
75	50	75	0.190962705974
75	5	1	0.380128595985
75	5	10	0.499061059368
75	5	20	0.491754264725
75	5	5	0.463261699891
75	5	50	0.422134238874
75	5	75	0.388018282641
75	75	1	0.205901253139
75	75	10	0.32812054393
75	75	20	0.295881141742
75	75	5	0.290908573534
75	75	50	0.183924321477
75	75	75	0.132960455971
