101	4.42538963566657
102	4.472156280383723
103	4.141107360555953
104	4.588726709261617
105	4.200814041980916
106	4.7328686177188235
107	4.701280973644085
108	4.171964602698919
109	3.6111517599517
110	4.727526187323328
111	4.686193364201577
112	4.130861853654986
113	5.228999207707005
114	5.298762244646942
115	4.478814052830482
116	4.930472514750318
117	4.58069951648477
118	4.2256443452611725
119	4.153943555015031
120	4.086487204153353
121	4.993308289789387
122	4.625553162333564
123	4.094455956146371
124	4.443583790723129
125	4.765372588149773
126	4.045283002344832
127	4.271747930091089
128	4.123044677583077
129	4.33750032951806
130	4.393199462552312
131	4.740589765615444
132	4.97763611792488
133	5.65306969802802
134	4.676832410325812
135	4.5603403837146335
136	4.289764121632344
137	4.354565349762738
138	4.957062880055146
139	5.03294142968889
140	4.56650216988671
141	4.270613959826169
142	4.020234370622853
143	4.568827982378984
144	3.8310000110380673
145	4.202105736378786
146	4.656809049956929
147	3.9707334814011874
148	4.244814934575291
149	4.309026267290412
150	3.7768440344450838
151	4.170395629265345
152	4.1995285334663075
153	4.421598954642656
154	5.138082903217394
155	4.227847715930349
156	3.980343051319533
157	4.764365942040697
158	3.6013364108765926
159	3.8107581698935027
160	4.454312011897456
161	5.101784294303203
162	4.25942780354235
163	5.399533293188109
164	4.5596524863429435
165	4.926558896992888
166	4.250378850747314
167	4.622423841850605
168	4.53384902618134
169	4.351195509902335
170	5.193063907278161
171	4.462664089469556
172	4.256117224764468
173	5.17181899904934
174	5.089439146882384
175	4.588963701523886
176	3.7841115436164583
177	4.3006488867149875
178	4.96748874519839
179	3.8406803823228084
180	4.351363930471094
181	3.7176462605870357
182	3.961047240194836
183	5.0535709039080725
184	4.233338800878222
185	3.9885886624485565
186	4.231715861033502
187	3.6603466895247827
188	4.379186983822761
189	3.619650173122099
190	4.053851853708083
191	3.7534190575331983
192	5.3100206080476156
193	5.25243325743975
194	4.008642302217207
195	4.299518061529209
196	4.115821146012403
197	3.5737688716611857
198	4.844280523840591
199	3.81127513376556
200	4.421964698110717
