101	1.26806327202215
102	1.1781924992569899
103	1.0655002634208641
104	1.3336732197293424
105	1.1298343838316058
106	1.3781328614625374
107	1.3501005527317889
108	1.16508373563567
109	0.9855883768496954
110	1.5572370594206977
111	1.3823474489005827
112	1.142422717150963
113	1.5090017960956845
114	1.4204074108957654
115	1.1488368767332855
116	1.358837429341912
117	1.2281134971116368
118	1.2004035541760878
119	1.1267248519442612
120	1.0516906243931177
121	1.3729824782162292
122	1.2221674084775729
123	1.2400740698808999
124	1.1698150022120422
125	1.1096231261877734
126	1.0650348956397226
127	1.192081698760178
128	1.2692651210324488
129	1.3203582450128712
130	1.2971904696777212
131	1.3648242367251675
132	1.4704740721247211
133	2.096370119014021
134	1.1620342392989809
135	1.1455196411498527
136	1.3221631833532002
137	1.0706839255962215
138	1.5494765015453056
139	1.4650488964273796
140	1.3352141497314285
141	1.324645446278622
142	1.0673141082575497
143	1.2503729511736528
144	1.0457383724783762
145	1.0810383055800754
146	1.3177044787362373
147	1.1520615443735875
148	1.1504339128170353
149	1.1410851203838426
150	1.0303654298940543
151	1.0718338285471118
152	1.098870803197875
153	1.2638928554293494
154	1.542274509505455
155	1.2366257314057982
156	1.0330326508320111
157	1.2740597502096658
158	0.9309951582603678
159	1.0837403917880872
160	1.179015611091164
161	1.416258765251899
162	1.1161035362378788
163	1.4566540288803294
164	1.165873206031803
165	1.2952014686491664
166	1.115452849958182
167	1.2499635847692718
168	1.204679399995885
169	1.1191722542983502
170	1.1812717412439973
171	1.2496869235640171
172	1.1222353287391202
173	1.2778586683180075
174	1.5418023417920033
175	1.182020391487378
176	0.976626095768482
177	1.1080224700545867
178	1.324247311360242
179	0.9816825747079018
180	1.1979233702160286
181	0.9982892735299334
182	1.062852912130341
183	1.4019687860752081
184	1.2216889055359823
185	1.0494099306496114
186	1.1429629081286903
187	1.0122040187883548
188	1.199108927363482
189	1.0185933660599626
190	1.111649630518023
191	0.9304945578444616
192	1.6933950365879689
193	1.3348566177629964
194	1.0626677498838282
195	1.6142133016051246
196	1.0732299976653996
197	0.9830829572298355
198	1.3079102238392815
199	0.9293386089593815
200	1.1827968126883264
