101	2.000399531843155
102	1.9282796452025972
103	1.6306485400859585
104	2.1123429725886016
105	1.551039244444406
106	2.019183246471991
107	1.9706504831491254
108	1.692935214500574
109	1.5084985640927826
110	1.9862406334197225
111	2.049903611063247
112	1.875078103146915
113	2.2200417486630246
114	2.4140073445888617
115	1.9153915304425944
116	2.3509212460447433
117	2.2106767358612984
118	1.7251941755150981
119	1.5629080728048645
120	1.4991164987435004
121	2.204860826584934
122	2.2193160559349834
123	1.892966400036351
124	1.9999306130883028
125	1.8954888303821031
126	1.6177980079796423
127	1.7372918921619296
128	1.7212361565684886
129	1.9793476892542954
130	2.045225896272895
131	2.064463371971367
132	2.207685164927401
133	2.639411924952292
134	2.2143283659637754
135	1.953498536350433
136	1.9999050429761815
137	1.8443533191163262
138	2.045518020928574
139	2.0818637979061174
140	1.7693457777583739
141	2.0710737971779976
142	1.5352893439175694
143	1.6714443531982384
144	1.5106663015450694
145	1.548006918379826
146	2.0748485254686506
147	1.7722573562693422
148	1.8496257666249463
149	1.927575862723428
150	1.5533628425793513
151	1.6771535537925744
152	1.6677636733424739
153	1.9951984817131438
154	2.145183864787759
155	1.7285371263841889
156	1.6069117519883398
157	2.023896537981071
158	1.368234043275886
159	1.673676738898251
160	1.9801977339043684
161	2.0938470392834523
162	1.817529304685904
163	2.2935612938745993
164	2.329973044106688
165	1.974853484161836
166	1.8790496541972352
167	1.9177588028508339
168	2.1545279147149965
169	1.8436211587820532
170	2.2302667883792617
171	1.8995849476177964
172	1.845976281629931
173	2.0961665555071
174	2.1706543405628067
175	1.9665828603704492
176	1.4880284350700892
177	1.9040155098749867
178	2.2700024962633942
179	1.6550643168096222
180	1.611284308674757
181	1.5522133554426203
182	1.7922190193986394
183	2.3459861135140043
184	1.8451381086040994
185	1.5813215269228122
186	1.764961200733922
187	1.507800598206567
188	1.960163625378068
189	1.5136355495514848
190	1.6117461703683293
191	1.5281657266942366
192	2.1637519797084415
193	2.2749259428813975
194	1.5110750973000953
195	1.9260547980949845
196	1.6606207562814546
197	1.4024531448079827
198	1.9515155006236462
199	1.6964826998121212
200	1.8956958522442247
