101	1.7263039278666072
102	1.6477604804387518
103	1.3525718593135614
104	1.7848751281421669
105	1.3488297872698614
106	1.78466720341754
107	1.7378213069047428
108	1.4634278454396887
109	1.2557311803924225
110	1.7665156571586724
111	1.6613889222176292
112	1.5113154664664903
113	2.0252448466638637
114	2.0051883311558814
115	1.566918384942495
116	1.7619760989066164
117	1.7721835685130622
118	1.4352992645870464
119	1.3782043004931794
120	1.3274117808965051
121	1.9299175106429594
122	1.6871146548866283
123	1.603141064877931
124	1.582834063556214
125	1.5786126675190015
126	1.3198145947394095
127	1.5078567597860075
128	1.388960387968087
129	1.6836259177299895
130	1.736036407149204
131	1.8176492268641526
132	1.870496012779661
133	2.4031610445302074
134	1.68819729378689
135	1.5565370532978544
136	1.5888333924347917
137	1.432952596423437
138	1.8962395743874607
139	1.8498003550120656
140	1.595732152070724
141	1.757997956730749
142	1.2890111433199865
143	1.5095705065383174
144	1.3004872211937453
145	1.2816435032177205
146	1.7704989880541517
147	1.5071350381726312
148	1.5186736660014883
149	1.7031281004039707
150	1.284920963482035
151	1.3632280121425553
152	1.4217881469839067
153	1.7162209651988614
154	1.8561320608243925
155	1.5569228852762311
156	1.3511220988734374
157	1.6991944202549276
158	1.1714183323988414
159	1.372134707585349
160	1.6160326020758138
161	1.786020216366486
162	1.5137817633001371
163	1.9616379004925686
164	1.7058994786622812
165	1.6807828320988867
166	1.4923286891397618
167	1.5888694311241527
168	1.6488044625564169
169	1.4881550905754186
170	1.814380668851033
171	1.9783636118937662
172	1.4987813297407517
173	1.8237155068885695
174	1.8771861753024779
175	1.6078918312042112
176	1.2017207242750645
177	1.5196762282661471
178	1.8662323699001298
179	1.3034848611391858
180	1.4905166594150043
181	1.2681463565688245
182	1.4176575937150666
183	1.910505301997152
184	1.5012821169570612
185	1.3149902237736066
186	1.4793742602357522
187	1.1958684607476078
188	1.5817174052718548
189	1.2351805768425401
190	1.3582214241636958
191	1.2182490700995403
192	2.0337359434707656
193	2.2242442267083766
194	1.29858494042367
195	1.7585936380508536
196	1.4134739298809134
197	1.1893184686899814
198	1.7523515089327322
199	1.3568306773722123
200	1.5484696944735534
