101	1.4846965212179175
102	1.4209090379492073
103	1.1930143682628822
104	1.5527920810530267
105	1.2347796123703976
106	1.599351532746105
107	1.56413488143769
108	1.297409422323165
109	1.0821336283796517
110	1.6629437048899414
111	1.4590616499411113
112	1.3112704968826558
113	1.8375720150000405
114	1.7240574607408428
115	1.3447058039325295
116	1.5308339663743744
117	1.4601133076349324
118	1.323722834341238
119	1.2652385116253262
120	1.167070313166758
121	1.6309177008900475
122	1.4417029755149247
123	1.3879778868739208
124	1.41048526491288
125	1.3379097550166894
126	1.163405246996912
127	1.358666319845491
128	1.3797015743079781
129	1.4439990116816321
130	1.4934727816740823
131	1.5882714241894467
132	1.6397069509860267
133	2.260494450427284
134	1.3705535340386654
135	1.318370585686765
136	1.4185392906338103
137	1.2568176658203463
138	1.742721277342676
139	1.6519744346058807
140	1.4909681942967234
141	1.5481735712710296
142	1.1731699505126385
143	1.3826433437746093
144	1.1726013470313013
145	1.1818654684634595
146	1.5557873324700195
147	1.3032698339609652
148	1.2916595536764148
149	1.4603332309308106
150	1.1461032771887447
151	1.1448463662901647
152	1.2737110022961893
153	1.4999549364968507
154	1.639532842394358
155	1.3714507099865403
156	1.179348723012493
157	1.51697971945794
158	1.0322679029279322
159	1.211828874377034
160	1.3796995426224503
161	1.5598629927254593
162	1.35255575278654
163	1.7119685279825432
164	1.4111746422857514
165	1.4942120119167286
166	1.2874110721733432
167	1.4227686580564847
168	1.3750546198061955
169	1.3032033071398432
170	1.4800507474071303
171	1.5384001655824364
172	1.264789591266294
173	1.568670690283921
174	1.6892279698730817
175	1.3849410031406115
176	1.080866260348292
177	1.2800020137655725
178	1.5615387452766265
179	1.1048274276813579
180	1.3486094509770772
181	1.121692026400287
182	1.2462263023214213
183	1.6354502238906248
184	1.3416004718193586
185	1.1696867921323022
186	1.3000171412158585
187	1.0490464426727857
188	1.3119905639228364
189	1.0533310872796622
190	1.264150951389468
191	1.0484130600379293
192	1.8475876006392202
193	1.7267116700577303
194	1.1905243710758207
195	1.7251303797565287
196	1.2369056348224525
197	1.0721586924954436
198	1.5345955323652098
199	1.0976507916791858
200	1.2856756685925679
