101	1.354000180596798
102	1.2790501540374846
103	1.1132583676493386
104	1.4270257335959617
105	1.1729290160952994
106	1.4740433606466776
107	1.4439563494498517
108	1.2176284987662205
109	1.014148501093486
110	1.607793856447653
111	1.4145135231447172
112	1.2061140035135207
113	1.6527077113792659
114	1.5470580385041612
115	1.2282049920389237
116	1.4214266910212445
117	1.3214615191064276
118	1.2403543060092637
119	1.1743875333305227
120	1.098216233991324
121	1.486891707151661
122	1.3176941454059852
123	1.2957893944239869
124	1.2684200413273745
125	1.1953194064695103
126	1.1054203570499441
127	1.2596172762091247
128	1.3303263232715639
129	1.3697379491539223
130	1.3677684437045359
131	1.4578446373350415
132	1.533275645905511
133	2.172306341958626
134	1.240555233923647
135	1.2005993750681834
136	1.3584989432505907
137	1.1599282714647976
138	1.6330746824935098
139	1.5405794273022708
140	1.4043975108829518
141	1.42020471894715
142	1.1105594948011492
143	1.3035267764960796
144	1.093844514517782
145	1.1353858144805786
146	1.4053366589494565
147	1.2074280685858045
148	1.196848015015462
149	1.2431617241358341
150	1.075494828538968
151	1.0954528055953503
152	1.1731548656254194
153	1.360123225232253
154	1.580661158218855
155	1.2773433013305397
156	1.0882662543013562
157	1.3808943609411501
158	0.9646849321881182
159	1.1348820004970108
160	1.253612986291467
161	1.4605628140314928
162	1.2045430320000576
163	1.5560563231386313
164	1.257102374566899
165	1.3690928511986142
166	1.19375723347847
167	1.330523124846442
168	1.2630553544976364
169	1.1879075328413924
170	1.2874271101020418
171	1.3381227749496283
172	1.1684095480032788
173	1.3938088852792339
174	1.591016848984794
175	1.268393005593407
176	1.0149106009983686
177	1.1717196263477188
178	1.4359265338886456
179	1.025427258416458
180	1.2510060120616955
181	1.0480522293902546
182	1.1306495408155395
183	1.4929229226633296
184	1.2906378453782477
185	1.093621502098206
186	1.202151126129919
187	1.034641772085565
188	1.199108927363482
189	1.0098006574890077
190	1.1775720637209581
191	0.9772793077950578
192	1.7615227832505522
193	1.489809101467209
194	1.116143411254371
195	1.6457118991798099
196	1.1359802222614361
197	1.0105969055004282
198	1.395385942412454
199	0.9883118025467337
200	1.2208808241087838
