100	100	1	0.248881737877
100	100	10	0.330202125596
100	100	100	0.239440270002
100	100	20	0.315107541475
100	100	5	0.314664248165
100	100	50	0.271572946929
100	100	75	0.256089661071
100	10	1	0.302785879279
100	10	10	0.405507412037
100	10	100	0.352422908229
100	10	20	0.406387666051
100	10	5	0.399157506375
100	10	50	0.378919409969
100	10	75	0.362529153391
100	1	1	0.0524424468651
100	1	10	0.357163331204
100	1	100	0.350510462033
100	1	20	0.376834231396
100	1	5	0.349404419917
100	1	50	0.377120873683
100	1	75	0.357691766533
100	20	1	0.30651473012
100	20	10	0.394013994089
100	20	100	0.334607411949
100	20	20	0.369849702771
100	20	5	0.38619796392
100	20	50	0.354690335028
100	20	75	0.345296709717
100	50	1	0.288239589722
100	50	10	0.359678673986
100	50	100	0.280318736012
100	50	20	0.34011401989
100	50	5	0.352887823709
100	50	50	0.299624255617
100	50	75	0.291137601026
100	5	1	0.314292650962
100	5	10	0.427305572246
100	5	100	0.381510754882
100	5	20	0.426019209956
100	5	5	0.398637515953
100	5	50	0.406880132641
100	5	75	0.389543924114
100	75	1	0.260412909664
100	75	10	0.34445452262
100	75	100	0.256543146431
100	75	20	0.325861622866
100	75	5	0.327038320926
100	75	50	0.28530707497
100	75	75	0.266973309708
10	100	1	0.248272211496
10	100	10	0.342522108307
10	100	5	0.327018194055
10	10	1	0.277574185879
10	10	10	0.401375378972
10	10	5	0.389330431523
10	1	1	0.0524424468651
10	1	10	0.338138282918
10	1	5	0.339417530247
10	20	1	0.293290284444
10	20	10	0.393571703449
10	20	5	0.386888854276
10	50	1	0.278197812292
10	50	10	0.364443292815
10	50	5	0.356303304059
10	5	1	0.287319540944
10	5	10	0.415397356511
10	5	5	0.381318888932
10	75	1	0.256672514314
10	75	10	0.352430471608
10	75	5	0.338451748564
1	100	1	0.0674155382255
1	10	1	0.107269556987
1	1	1	0.0527515750369
1	20	1	0.107269556987
1	50	1	0.101308732771
1	5	1	0.0490900408081
1	75	1	0.0674155382255
20	100	1	0.250357382386
20	100	10	0.339466183661
20	100	20	0.326509459094
20	100	5	0.322674702661
20	10	1	0.302921000164
20	10	10	0.405782124957
20	10	20	0.406828525668
20	10	5	0.398455660722
20	1	1	0.0524424468651
20	1	10	0.357771521673
20	1	20	0.371976412577
20	1	5	0.365729165709
20	20	1	0.30483645905
20	20	10	0.396138708528
20	20	20	0.369461001034
20	20	5	0.389521272358
20	50	1	0.286119616445
20	50	10	0.366416170761
20	50	20	0.346592382173
20	50	5	0.354808928506
20	5	1	0.303775412262
20	5	10	0.424884245815
20	5	20	0.422906821826
20	5	5	0.391402383129
20	75	1	0.26098120002
20	75	10	0.350285048675
20	75	20	0.336032651651
20	75	5	0.331070904239
50	100	1	0.249144848541
50	100	10	0.335060897308
50	100	20	0.320614149416
50	100	5	0.317838748507
50	100	50	0.280059601521
50	10	1	0.301667893764
50	10	10	0.40619482574
50	10	20	0.407294636771
50	10	5	0.399014694322
50	10	50	0.383195129076
50	1	1	0.0524424468651
50	1	10	0.354846464462
50	1	20	0.370248541823
50	1	5	0.356664517387
50	1	50	0.381534125583
50	20	1	0.30729888192
50	20	10	0.395827935529
50	20	20	0.370108837263
50	20	5	0.388283150673
50	20	50	0.36045607746
50	50	1	0.287406192031
50	50	10	0.36181653354
50	50	20	0.34400103726
50	50	5	0.355867966887
50	50	50	0.305973050655
50	5	1	0.305493443662
50	5	10	0.426187054089
50	5	20	0.426201892822
50	5	5	0.396218475249
50	5	50	0.41058615836
50	75	1	0.260627277365
50	75	10	0.347823271007
50	75	20	0.33007255835
50	75	5	0.330277606989
50	75	50	0.292433273482
5	100	1	0.24377683429
5	100	5	0.322210544435
5	10	1	0.257301606022
5	10	5	0.374612457024
5	1	1	0.0524424468651
5	1	5	0.32071285624
5	20	1	0.272070546864
5	20	5	0.383021702435
5	50	1	0.262835274095
5	50	5	0.349075553083
5	5	1	0.282818618469
5	5	5	0.356331528425
5	75	1	0.248410293351
5	75	5	0.330336497471
75	100	1	0.250348599007
75	100	10	0.332080850658
75	100	20	0.318022804503
75	100	5	0.316089534033
75	100	50	0.275524747922
75	100	75	0.259069707722
75	10	1	0.302261667109
75	10	10	0.405766584306
75	10	20	0.406193315183
75	10	5	0.399261143123
75	10	50	0.381964240242
75	10	75	0.366027469024
75	1	1	0.0524424468651
75	1	10	0.358483951222
75	1	20	0.373404730008
75	1	5	0.353237215751
75	1	50	0.378049930752
75	1	75	0.359190578914
75	20	1	0.307572200882
75	20	10	0.395827935529
75	20	20	0.37004405364
75	20	5	0.386003568972
75	20	50	0.358771703266
75	20	75	0.349378077955
75	50	1	0.288166357102
75	50	10	0.36136304818
75	50	20	0.341992744952
75	50	5	0.352628680824
75	50	50	0.302280384153
75	50	75	0.295931589115
75	5	1	0.313104944964
75	5	10	0.426247592048
75	5	20	0.426472732041
75	5	5	0.397585018127
75	5	50	0.406880132641
75	5	75	0.392886643484
75	75	1	0.261306878728
75	75	10	0.345879762322
75	75	20	0.328064266042
75	75	5	0.327167892368
75	75	50	0.288222337998
75	75	75	0.270536408964
