301	2.569893934199257
302	3.371651406251989
303	3.5850883263755464
304	4.021891414426295
305	4.482351066539621
306	2.779934493506927
307	2.8504226473595167
308	4.704266296081151
309	3.666711735445524
310	3.4630220494111983
311	2.5021517664015107
312	3.9659806961540536
313	3.741851222732859
314	3.811122990309621
315	3.674807065855529
316	3.443049808005059
317	3.5415080080475443
318	3.751783237205276
319	2.510278256412086
320	3.0506603612329117
321	2.782544836444481
322	3.043363957710281
323	3.161614177369206
324	2.6409251877514324
325	3.509249838989387
326	3.4118250677621265
327	2.929275257085701
328	4.204009876799715
329	2.5456308214936305
330	2.666995047158965
331	2.249767545926269
332	2.552195820473187
333	3.5865987716170626
334	3.3390228645197104
335	3.270730898329811
336	3.4035137886726416
337	4.34959200975503
338	3.774674557172808
339	3.786349204832185
340	2.9660139802096914
341	2.6752374250082163
342	3.141344765026577
343	2.5686225597577312
344	3.1862228615826447
345	2.7168256375475184
346	2.9445554520040975
347	2.7783574212734212
348	4.73263579565083
349	4.241588254622799
350	3.1254590343251034
351	3.4943436468244995
352	8.10019146375505
353	3.3391961887246504
354	2.957535642748257
355	3.646905392667625
356	4.726509523279822
357	3.1612114613213578
358	3.1768622635441726
359	2.803724723166832
360	2.419933916769901
361	2.8952378013022377
362	2.690302046679902
363	2.420780439820964
364	3.7790241070492034
365	3.85643478749938
366	4.391635193392501
367	2.732674021306147
368	4.5140158474401995
369	4.224330210533592
370	2.6289439048531595
371	2.7760382896577216
372	2.7633749652957236
373	3.49319569163618
374	4.394264080477734
375	3.0221050737891706
376	2.957801748576907
377	3.1150162465832043
378	2.9942546220057227
379	3.8006788999613605
380	3.5757250743307187
381	3.3192503825140407
382	3.10443525527245
383	2.9299283498081623
384	2.8175198902021377
385	2.9234830429347354
386	2.753005978329623
387	2.8383258602405115
388	3.154100975987907
389	2.8090587244780543
390	3.5280817307502703
391	3.162582198448576
392	3.6280150711977934
393	3.310379287406708
394	2.820923648089121
395	2.8204719145103625
396	3.973975733159301
397	2.7102668651188937
398	2.836364660078354
399	3.645169266904892
400	3.4979917847869624
401	2.6151814611981834
402	3.814555874874074
403	4.246568576429928
404	2.5855324177915615
405	4.143295486785347
406	4.074827022366284
407	3.736432938160541
408	3.6745355079868047
409	2.7933712445828554
410	3.021047890932386
411	3.2287526327917218
412	2.6752374250082163
413	2.8281186065681467
414	2.2283888979439896
415	3.49849274840842
416	3.6309982732571813
417	2.992345863363608
418	3.532054981488791
419	2.5130176981708385
420	3.732739542958286
421	2.765301880370958
422	3.27726140313812
423	4.932056453268674
424	2.936137208579838
425	2.5888764999458256
426	2.4940832891270146
427	3.49434829441114
428	2.5234093918416796
429	3.7517195078073255
430	3.5357691246760026
431	3.584168360181226
432	2.2857403671827314
433	4.441548743745135
434	2.6521516830765366
435	2.5292301147797622
436	3.5738281612960825
437	2.5708942150387686
438	2.817139052624583
439	3.5260074356338427
440	2.688531508592826
441	4.054918488077958
442	3.640542532194018
443	2.7258108600418964
444	3.9656131959925696
445	3.3326721303779934
446	2.7916592139096466
447	3.707970521501348
448	3.3575995833377497
449	4.032671932909665
450	2.8192387740078257
601	3.0192750249249865
602	2.765051802291962
603	2.8198261008806793
604	4.162897393617248
605	2.636945147077492
606	3.095253928273139
607	4.192917001249466
608	2.43710419618745
609	3.0810210677329306
610	2.608529065289288
611	2.9901056557960595
612	3.085670483503928
613	2.77034938129234
614	5.282686449809671
615	2.373773698123163
616	3.33845449681766
617	2.3613670297594753
618	3.400196831689908
619	3.3496785439535666
620	2.722326741220881
621	3.377648105785425
622	3.064146533815664
623	3.0387070248044408
624	3.199150581549395
625	5.766336602798136
626	3.9793061592239116
627	2.118121492214329
628	2.969698576429938
629	2.832462978715821
630	3.3097917580307823
631	2.718003810838704
632	3.2385859685555545
633	3.004543788955684
634	5.732615099729035
635	2.937265557235983
636	2.676740683147102
637	3.7913523801986133
638	3.591218850224309
639	2.9924616380348183
640	2.7340006507971935
641	2.650184215019713
642	2.5197436214446096
643	2.9842788645057663
644	3.2443751811334383
645	3.018219680333404
646	2.3074523700699205
647	3.4934583963359405
648	2.8433185419982863
649	3.7963466105102546
650	2.826215487584221
651	3.0613697440551815
652	2.9662498230084107
653	3.3542280977119026
654	2.8851603564203314
655	3.407132459079006
656	3.110756016701608
657	3.216842260331847
658	3.0720696712493942
659	2.5893764532601398
660	3.599791901357056
661	4.23047485081028
662	4.403327514118844
663	2.884774498685579
664	3.3457231871202957
665	2.6361914789081196
666	2.5025829634151155
667	2.867185837585082
668	2.629311493693807
669	2.923731894699266
670	2.813522300502753
671	3.0520556636267666
673	2.6220206469498373
674	2.78259415872155
675	3.390759224053364
676	3.4157188132113308
677	4.411996150783891
678	3.6034959593146243
679	3.363008698503402
680	3.3118007656241453
681	2.93362409308444
682	2.7481520638242416
683	3.5878459073424267
684	2.3383198097836733
685	3.3136244277453475
686	2.5633998158731317
687	3.1381304345817913
688	2.6736325668529495
689	2.91367637686545
690	2.682258897412147
691	3.3022892973548945
692	3.648145723371922
693	2.5402488024330143
694	4.4830812452427775
695	3.0643688752491443
696	4.0609657807693855
697	2.8707070565961903
698	2.4089844396686826
699	2.905571110233637
700	2.7099197231147834
