301	2.4514697992987156
302	2.4958757280552932
303	2.876938941799318
304	3.3121251448639617
305	1.7385320221096796
306	1.5959912401339684
307	2.128471614158099
308	3.5730035878474355
309	2.374032237282057
310	2.2274822243460646
311	1.986279981760918
312	2.99081847793457
313	2.908397967944284
314	2.394159424167312
315	2.0798140052574525
316	2.8960128772683547
317	2.3496490482751073
318	1.9016355232723388
319	1.815413683214637
320	2.3951046640610327
321	2.06165689498494
322	1.7683843763115987
323	2.1992257026668374
324	2.3336274655598026
325	2.0764268305683165
326	2.2446546243059826
327	1.936474313174543
328	3.489514600504718
329	1.9014057449273662
330	1.7602721695596235
331	1.4479994403880274
332	1.6185872403458599
333	2.9753617325998687
334	3.168221197618959
335	1.982027706091366
336	2.049287126773982
337	3.4443271656155434
338	2.802191432269885
339	2.595377114076565
340	1.8827609204628097
341	1.9363710540678365
342	2.07570076024084
343	1.6052104728870442
344	2.3270427316127944
345	1.6283139339426655
346	1.8085762706202464
347	2.1544636915541155
348	2.9733365023669776
349	4.540899860119075
350	1.9852629975575298
351	2.020631074007103
352	2.3317109019709497
353	2.4721719900540657
354	1.6007496694244732
355	2.498321261482214
356	3.898767545681967
357	1.847469449151896
358	2.009699225924507
359	1.800030905356417
360	1.7360614038456677
361	1.8909158101108052
362	1.724164180529818
363	1.7405387077139587
364	2.806861225491699
365	4.136803763449132
366	3.089902954073943
367	2.92196928153111
368	2.8395001011204357
369	2.9852852491817723
370	1.6634753413119472
371	1.742289665221313
372	2.08621376565963
373	2.2269878814445416
374	2.559056994893136
375	2.420781909176967
376	1.940908001689307
377	2.497085819540966
378	1.910333616890775
379	2.425406205248518
380	2.228055573288064
381	2.3787780300456807
382	2.233586048386933
383	1.9158371150070788
384	2.112049138664876
385	2.147240423433881
386	1.7026586886528665
387	2.036453598551736
388	2.250901448720649
389	1.5958571556914625
390	2.6646069308372646
391	3.186107282724654
392	2.9747726292660572
393	1.912275535976787
394	2.005542299994821
395	2.020660653769646
396	2.5258089044828727
397	1.9638286002772387
398	1.6773295679277143
399	2.4610468439829165
400	2.706347723375593
401	1.6614561271749444
402	2.4744583701649097
403	2.956833871508907
404	1.7319071275644329
405	2.346475377194864
406	3.0034975386057625
407	2.278424030911187
408	3.3628371162480484
409	1.9363553293183768
410	2.288386379006212
411	2.865066974435136
412	1.9363710540678365
413	1.851242269884037
414	1.651296249841823
415	2.3087061284008388
416	3.1609365130965776
417	2.1462621101123376
418	2.1782517270079444
419	2.2238392899046984
420	2.204260774176244
421	1.7995453019502163
422	1.921478709836038
423	5.365716918070624
424	2.5372881112406147
425	1.6651451424779828
426	1.6903966562356132
427	3.342995064936769
428	1.5413210136486855
429	2.837752183661493
430	2.2302374471271125
431	2.0287410002034147
432	1.908546719363584
433	2.627885382501193
434	2.3955553130951883
435	1.4477802121397652
436	2.395810146672572
437	1.7223299267482488
438	1.6817198242396465
439	2.1373622708619426
440	1.719384865844435
441	3.060178573612446
442	2.42471026524473
443	1.6028549998470507
444	3.218276392009364
445	2.0858523862230567
446	1.5612987081353265
447	2.3292771758620794
448	2.0682750372547614
449	2.470739231827298
450	2.177508927419767
601	2.0211768877445255
602	2.6223552064158295
603	1.9025220442199913
604	3.0039203005601745
605	1.8282409208771007
606	2.30492519510557
607	2.41081174142103
608	1.4340720381738608
609	1.8106448104262496
610	1.54347820305448
611	2.7417973947056296
612	2.4187151738443173
613	2.156965789828117
614	5.075521470143956
615	1.6088514073962492
616	4.073394879090303
617	1.6513116569234116
618	2.939975791691324
619	3.5092290247525857
620	1.7668852610526928
621	2.5022045990792883
622	1.8307022306364598
623	2.094909403860656
624	2.5617951171166564
625	2.727015521131331
626	3.2503299356065467
627	1.6859403077447732
628	2.196065399246114
629	1.776259057950304
630	2.467710859390754
631	1.896111838441308
632	2.0410484418432424
633	2.384734618442473
634	4.115255901047701
635	2.3269924236688326
636	1.5036935943503758
637	2.9647289218638124
638	2.0867707298728617
639	1.9655381962553449
640	1.7763028683626052
641	2.9939379935675947
642	2.2532055875565926
643	2.2747666486474896
644	2.019121978928029
645	2.672023457477797
646	2.1218102693602137
647	4.006802792745633
648	1.6098164935984192
649	2.7685578579288594
650	1.7645015038295713
651	2.0125128293353796
652	2.368423218297688
653	2.808486760715548
654	1.8052178676239161
655	2.731214522718909
656	1.9075683449749752
657	1.9626132157106855
658	2.0155025919396095
659	1.638769322070676
660	2.2651160691077172
661	3.335990211408859
662	1.944686936335257
663	1.8996398494552955
664	2.134151106590071
665	2.032819083190715
666	2.315839383249929
667	3.0713271406360447
668	1.765588092494979
669	2.2142028840036723
670	1.9668503479218602
671	2.3017322881888944
673	1.8957604673512662
674	1.8556346620416322
675	2.9650868017794787
676	3.144939014581408
677	3.533455433534092
678	1.5733743435756014
679	2.0296983436301335
680	1.8876813664690597
681	2.2292857657817686
682	1.6923796895414953
683	2.423253451493381
684	1.3866182050645204
685	2.164305673425542
686	2.0012348509411226
687	2.1084515938278754
688	1.6574732655160218
689	1.4475254817461076
690	1.9950201759356767
691	2.0334051576803356
692	2.8023582096441433
693	1.829393811444434
694	2.60149083294646
695	2.0126260491077534
696	2.4839395478425765
697	1.952826235716496
698	1.7118651562317
699	1.6975385595431272
700	1.5741036366421732
