301	2.1101789372108906
302	2.6653993909003266
303	3.0963221857894347
304	4.917720323956999
305	2.7301867977505165
306	1.9811527907088036
307	2.2981023216275633
308	3.6062494351907755
309	2.742441264028719
310	2.6907899334803655
311	2.0762716044986895
312	3.3425624044908715
313	3.0868499836748415
314	2.8750203035608934
315	2.2685683681807793
316	2.941236989184216
317	3.103699358931591
318	2.6211057866666017
319	2.1558010671520123
320	2.681882151496045
321	2.1603106084480785
322	2.088771327748675
323	2.4740401110161825
324	2.3617081368328394
325	2.361315929412123
326	2.639866921734354
327	2.257567507695365
328	3.799407681791797
329	2.0774964667455373
330	2.0310706760933974
331	1.6966150885474234
332	1.933928109535418
333	3.186976777144994
334	2.992680856246002
335	2.4333163336253825
336	2.5151019695092187
337	3.643623271390699
338	3.345123558546515
339	3.0859291915398783
340	2.3911954121989734
341	2.2362560523748463
342	2.166681709427444
343	2.0013998745281425
344	2.1493413873855998
345	2.097816905256055
346	2.267569446106339
347	2.515074934921749
348	3.598112571345428
349	3.734712716357817
350	2.3387978390866384
351	2.5444099503037654
352	4.435218834177676
353	2.7947543627718545
354	2.0264272858784143
355	2.8157579821529946
356	4.033287349907098
357	2.245489749379153
358	2.251684442734219
359	2.2373645560519035
360	1.9572812753199376
361	2.163514638625395
362	2.0710924738768797
363	2.0049215471427346
364	3.087489278792253
365	4.734438979351578
366	3.2953813028537975
367	3.270541011852018
368	3.9112694746428875
369	3.183811505912394
370	1.9463077884478603
371	2.0969195396431295
372	2.353815140400273
373	2.781685635825418
374	3.3936597975581884
375	2.7448398147532926
376	2.2841551533359468
377	2.529310444446978
378	2.0412919142120263
379	3.1363579252887717
380	2.467331170997132
381	2.74282042430725
382	2.459846315789857
383	2.3658279352516023
384	2.4104030631965347
385	2.4351314595220934
386	2.1261763438826247
387	2.257136208631216
388	2.693085061116545
389	1.9827894766565473
390	2.9337179867415415
391	2.0876085147552708
392	2.9005307216109526
393	2.5349477674031893
394	2.334217998519691
395	2.303077826665337
396	3.100105986817927
397	1.9988685511465605
398	1.891301042451767
399	2.7643994247693606
400	3.0666469998554517
401	2.016830439872662
402	3.2129182841107062
403	3.8810663639988174
404	2.0406048084290194
405	2.8944907295224134
406	3.2304420929232274
407	2.649311923692579
408	3.6575024960220928
409	2.9858528149070183
410	2.585723722383121
411	2.6099885622888483
412	2.2362560523748463
413	2.3100128998491405
414	1.861518597799477
415	2.6193180344648397
416	3.01707606598744
417	2.4432736288168573
418	3.358703443572331
419	2.1911643508696543
420	2.953202504541846
421	2.1386203936455086
422	2.2999383777753644
423	6.380658912018263
424	2.447119413098868
425	2.0551137180729073
426	2.02274964556561
427	2.9979531059101694
428	2.0879683511781715
429	3.831196928715182
430	3.2141597201643
431	2.5442972060185602
432	1.8673230562114245
433	3.106063794106384
434	2.3094403989936176
435	1.803709090154127
436	2.6751842215817003
437	2.062525970976257
438	2.118248157987112
439	2.4629423096242076
440	2.1101104885505992
441	3.588124091532948
442	2.5015451050513153
443	1.8454930082126508
444	3.7259956669601153
445	2.417738117139286
446	1.92121138486332
447	2.8070358930777495
448	2.5504663370221055
449	3.078131400976253
450	2.232750550859686
601	2.3255840083386463
602	2.6622848065279747
603	2.26038970635601
604	3.470191943543329
605	2.0681364897587837
606	2.5485116319653773
607	2.9350951330898294
608	1.830135750609343
609	2.2752334044539504
610	1.826040337102561
611	2.410367255677295
612	2.378809791131921
613	2.523479386688511
614	5.229387661082725
615	1.8894700699446092
616	2.8312262770526004
617	1.8300184779275805
618	2.89112774917872
619	3.3214676405876653
620	2.0304739002569265
621	2.8887328929812046
622	2.282765374121126
623	2.438265208826584
624	2.4171453158576295
625	3.002363806001086
626	2.9573975852078744
627	1.687284699070576
628	2.2608225343405244
629	2.257392685428573
630	2.6701718928588294
631	2.0959837568818664
632	2.383586937018735
633	2.6633008761531007
634	5.775015741242391
635	2.2514764000296985
636	1.8814515459251517
637	2.8860977739447353
638	2.655419736419768
639	2.4362074090933383
640	1.8970544546280268
641	2.471388835682428
642	2.045951723874493
643	2.6086487850409643
644	2.4233611547661926
645	2.6613999031571653
646	1.911046899714375
647	2.5942209135558887
648	2.0206318975235886
649	2.966401037586495
650	2.231233275667199
651	2.3623360375168887
652	3.3090389095910218
653	2.771547245809891
654	2.1608703256364823
655	2.8805958883145397
656	2.399394248521226
657	2.351106494612605
658	2.8797808621229577
659	2.0326448126710486
660	2.90942290983728
661	3.4618256123897204
662	2.5801356797588753
663	2.329116039977108
664	2.6032918683804316
665	2.4517223584342425
666	1.9130976000752784
667	2.2054630773785795
668	2.0540032045783114
669	2.4238622355338917
670	2.4153686656375446
671	2.5918404380501077
673	2.2529273125103657
674	2.2096236381450636
675	2.9221577176058537
676	2.714502645396636
677	3.46852605727571
678	2.355737432252236
679	2.32603251043492
680	2.3827792205964413
681	2.530131013520878
682	2.046446841855345
683	3.1776842906717024
684	1.769587429928148
685	2.6304757123662132
686	2.8512008486444445
687	2.324307081539318
688	1.9961768294374351
689	1.8540555964275556
690	2.121373194966399
691	2.5671114524537155
692	3.1283954322637992
693	2.047101911451926
694	3.5452600494556807
695	2.1312708596744634
696	3.214298099494167
697	2.300931370659032
698	1.9397094506208
699	1.9960782206936245
700	1.9473912823820791
