301	3.0205759814905795
302	2.74623296253666
303	3.2352013403552338
304	4.823007673676878
305	2.1983032698237013
306	1.7979532858897662
307	2.174613923113548
308	3.4334685919190653
309	2.5726344296114436
310	2.5220002735394496
311	1.8773843912598713
312	2.99081847793457
313	3.0911897610694634
314	2.626623155917859
315	2.193602858484861
316	2.964296433031022
317	2.919203420885816
318	2.236787075003031
319	2.020880751694222
320	2.5689020794292015
321	1.9771414484227712
322	1.968501948147949
323	2.383680662006868
324	2.8553595155427796
325	2.514093294773308
326	2.3723974171341196
327	2.1869511674587057
328	3.706199411959878
329	1.8510390399159558
330	1.8914943979247258
331	1.5755915444031803
332	1.775965360265014
333	3.0925572495187335
334	2.618963597424571
335	2.1688589695123284
336	2.269059250717879
337	3.6706743867404095
338	3.089159908761807
339	2.724090147451759
340	2.1322184445497525
341	2.186433673858272
342	1.9201086777056233
343	1.808584054728
344	2.2463473245449657
345	1.8401217939639607
346	2.041250283811683
347	2.382557133753117
348	2.9733365023669776
349	3.6868970065591156
350	2.1982877406082313
351	2.2811316928239895
352	3.4183208112395684
353	2.607234773788652
354	1.7371407443686708
355	2.749487395652883
356	3.9310860805631735
357	2.0317170900894865
358	2.1097155276388806
359	2.0399107171017654
360	1.8071634686174978
361	1.956940619391533
362	1.8744829921893615
363	1.9459953623399873
364	3.3541859941747956
365	3.684360105886579
366	3.084162103959307
367	2.740882671896121
368	3.315086004666424
369	3.1015881423766243
370	1.8086494051672706
371	1.9534020688787648
372	2.1884176695987545
373	2.487664265817457
374	3.292130075553436
375	2.58884351425509
376	2.1389257060419578
377	2.246393673125646
378	1.9271496230960623
379	2.505697473313001
380	2.350967874605158
381	2.5168036018631024
382	2.3766383208771877
383	2.230238094851255
384	2.295329477947671
385	2.3263662176986255
386	1.931171744302068
387	2.1748650258626396
388	2.522709360807616
389	1.785336536129309
390	2.5141239618339304
391	1.9230169327730928
392	2.7269260318509887
393	2.1792159380901786
394	2.072129924011556
395	2.1982125602399862
396	2.562854422108003
397	1.8111197513126354
398	1.8192495611548052
399	2.4656018091678855
400	2.7119124439050424
401	1.865766091205758
402	2.8165815523994384
403	3.5067267857912245
404	1.8795688595245368
405	2.5974340755046055
406	3.0334721695678786
407	2.5531742742351518
408	3.6086883380991193
409	2.3888263874812874
410	2.337824458471227
411	2.508229634372511
412	2.186433673858272
413	2.15988467239147
414	1.779092726105148
415	2.9016909375076962
416	3.165006931665307
417	2.2212292909030276
418	2.8888375525931442
419	2.044869507218664
420	2.562620679700389
421	1.964452152696394
422	1.9993996050153762
423	7.427824961582632
424	3.434808223323079
425	1.855389842438562
426	1.8579437390151707
427	2.8356430224704354
428	1.8215933091789895
429	3.6306085541571886
430	2.5851883075843456
431	2.316404469134887
432	1.7620045113747111
433	2.918597458983649
434	2.223137212246222
435	1.7057832019073258
436	2.5004058297227085
437	1.8714308930359047
438	1.863099919676012
439	2.537951559255202
440	1.8861308757974837
441	3.201800796311123
442	2.3025374610603286
443	1.7265043798765922
444	3.5259541731593647
445	2.281423675371539
446	1.7381537877789919
447	2.6680352154166584
448	2.318058343962049
449	2.4359748529338243
450	2.127158896299134
601	2.1503494437487927
602	2.572675492046517
603	2.1610512212016584
604	3.401853106833328
605	1.942541890145686
606	2.1799163310139487
607	2.6927766070449586
608	1.6802165819676274
609	2.0838607497720023
610	1.6224920161087923
611	2.316257017720952
612	2.2903755449719
613	2.3932355869233866
614	5.18609495987224
615	1.748420051636675
616	2.7260332881122507
617	1.7331572865198865
618	3.1418343979619503
619	2.9027199954375327
620	1.9034006687747507
621	2.7059586877597797
622	1.887971744393252
623	2.2259390039366926
624	2.9887139877435485
625	4.155333204975443
626	2.7454456109555996
627	1.5760990082207285
628	2.2156277188117897
629	2.030746295290205
630	2.501617780378203
631	2.0226376837221594
632	2.2881631032144263
633	2.383639372958486
634	5.561957899783268
635	3.070037854751491
636	1.7105188410714536
637	2.900931280324356
638	2.1966284205245916
639	2.2115961524059613
640	1.8199801676170009
641	2.273634547663645
642	2.6704461224779923
643	2.5030014820043442
644	2.2836073694719525
645	2.5333086077013296
646	1.9524893180186635
647	2.54612118068124
648	1.808808293311873
649	3.093428353514931
650	2.004570645944736
651	2.1468789769403593
652	2.6473151382510345
653	2.7378639664207665
654	1.9790990888772444
655	2.7486267794709756
656	2.201310913145208
657	2.1580996938423236
658	2.4638629176590157
659	1.8438994823303645
660	2.6023511303059044
661	3.280610640527432
662	2.3346479116370507
663	2.134043742607097
664	2.4069635331987893
665	2.2191533773789067
666	1.7445149170149323
667	2.6965598811066047
668	1.9259185264814203
669	2.2922253852460273
670	2.7401280372149284
671	2.332561015514702
673	2.09820265077016
674	2.29551867473108
675	2.8073393954934667
676	2.418871436065875
677	3.267924918934588
678	1.9552907194822953
679	1.9818136544357305
680	2.1850824880569384
681	2.3873614162892367
682	1.8586071033502527
683	2.582841573890833
684	1.5901585194677468
685	2.4821393171344535
686	2.3496233767849324
687	2.204016269960407
688	1.816581795721402
689	1.671199289826923
690	2.115814571122611
691	2.2535357512632777
692	3.0172891223897373
693	1.9483692584660373
694	3.2978326979978956
695	1.9651732585389545
696	2.8247283930132414
697	2.209261606301937
698	1.8605820007261626
699	1.7943195478811356
700	1.779842264095163
