301	2.2446921346710806
302	2.8806228624859234
303	3.1989814356498525
304	4.496087224267469
305	3.26755437117918
306	2.1776694561778376
307	2.3851366551664714
308	3.8282521228065645
309	2.858289787039481
310	2.938827508109476
311	2.3210945979055713
312	3.880612944231899
313	3.1837309093630566
314	3.155744658139943
315	2.4662746252420744
316	3.0303808941742676
317	3.2211610182537966
318	2.9032949571669415
319	2.255205667303537
320	2.798384772520037
321	2.3446156062942736
322	2.3169627600163882
323	2.5772244808190976
324	2.4673122459309176
325	2.7448189737831523
326	2.793128543117836
327	2.452495430121374
328	3.8432367599190744
329	2.2126673163010415
330	2.191676448999986
331	1.8621451901331034
332	2.0917786202089674
333	3.2584535842890183
334	3.3498099497011737
335	2.6517860695348525
336	2.766851145993273
337	3.781439636190537
338	3.4582251785731746
339	3.346891100665579
340	2.5994961860902697
341	2.3613227546561153
342	2.453203481548933
343	2.1683860362180036
344	2.2436140357177665
345	2.210037640894772
346	2.4369500371138098
347	2.631843035079087
348	4.174316244722005
349	3.8605256795293457
350	2.522367209149098
351	2.772138656710981
352	5.243318334610258
353	2.9217167764876053
354	2.2496581627323327
355	3.0013537902837877
356	4.367193799926425
357	2.4449152487167947
358	2.479024719510836
359	2.417252856637419
360	2.0061715969475826
361	2.2348792120047216
362	2.186869824434628
363	2.0414278796301315
364	3.322513051948368
365	5.938699460813867
366	3.5609545029120526
367	2.5080069969144616
368	4.470532775390429
369	3.5073446216310518
370	2.109623059512964
371	2.2681278789563892
372	2.3999654678377356
373	3.0174059739230343
374	3.679721522692198
375	2.832010166419777
376	2.3698602221459435
377	2.7882412583123903
378	2.1654396025645326
379	3.5544530495452524
380	2.673408352024967
381	2.913966157611298
382	2.597963237843773
383	2.508443276710851
384	2.5098470488038473
385	2.5573345456900283
386	2.2525243027762527
387	2.4266185216986527
388	2.882787250042159
389	2.1250301888267087
390	3.1427638539172924
391	2.329390217320623
392	3.0818927790187183
393	2.9004991797217787
394	2.5543691549716705
395	2.4113804145507736
396	3.6378597006960023
397	2.218406317340377
398	2.1790966295116467
399	3.0108583654684598
400	3.4898734358488976
401	2.1841167922443407
402	3.6535589809834064
403	3.5992680773412493
404	2.205001583348196
405	3.127789593352784
406	3.318958044917649
407	2.825251306244213
408	3.627208687710565
409	3.098161127907916
410	2.783973367873181
411	2.823090964974652
412	2.3613227546561153
413	2.4300064361104265
414	1.908500540566737
415	2.723755237473104
416	3.3479530514305473
417	2.620202510644802
418	2.988925390749956
419	2.2717173781083746
420	3.410043657163763
421	2.2982629526246003
422	2.4463229751753772
423	4.631914227099106
424	2.598043057997065
425	2.216529733278852
426	2.172337110186749
427	3.1469006294620208
428	2.297124728109439
429	4.547913382517874
430	3.876711247339482
431	2.8011358947022926
432	1.982381121066036
433	3.329820883540384
434	2.3672927028305484
435	1.8085156373645614
436	2.815149549132598
437	2.1956853751182646
438	2.3351989923279635
439	2.545501378429433
440	2.2789495822201906
441	3.4648514785028226
442	2.7748167165176336
443	1.9461295749168963
444	3.8199260442903054
445	2.6282924789991777
446	2.156535124100188
447	3.0397114242000915
448	2.767120526443591
449	3.6204198445590725
450	2.3595129443892646
601	2.495917252664514
602	2.7188817547855257
603	2.4133592128551244
604	3.6242930609741593
605	2.1907581185444265
606	2.6544399196878787
607	3.146098650049636
608	1.8295612025552652
609	2.4491763394223547
610	2.0279188430236497
611	2.572347816106863
612	2.4857696504863873
613	2.61795462008804
614	5.248343784371017
615	1.9955134257801026
616	3.1043017261443193
617	1.8857388857159643
618	3.0493323370594934
619	4.045165230763626
620	2.170593744064546
621	3.04257453030044
622	2.3169870402472736
623	2.621230579873614
624	2.508921945960492
625	3.6249181173262977
626	3.254120823839853
627	1.7914583281438166
628	2.3913347167152046
629	2.448511422229863
630	3.1178868277540954
631	2.1654180981232174
632	2.557941063614241
633	2.5850452099539374
634	5.445866488614431
635	2.4907494665439995
636	2.03174689674959
637	3.1887593760303123
638	3.0126907471687723
639	2.616707638247189
640	2.103062266132889
641	2.3967059152442047
642	2.161045664743385
643	2.6995813997135825
644	2.5809123561719587
645	2.6859159732448252
646	2.0303401016218454
647	2.78762150289349
648	2.274748718837137
649	3.1829904398740942
650	2.4629156240522807
651	2.42126633983817
652	2.555028999771066
653	2.8530428058721737
654	2.3287969338252057
655	3.0072858373578533
656	2.641793149632529
657	2.6218121127764618
658	2.8614596631590192
659	2.233275620767187
660	2.9793416385500455
661	3.671123804846508
662	3.089021304371
663	2.525510641011093
664	2.7866872156349713
665	2.437327367264908
666	2.0234043471701235
667	2.4949239121685918
668	2.179236960689964
669	2.5688903014075937
670	2.455867605979561
671	2.769910563724979
673	2.3091618825743234
674	2.269723311701916
675	2.956046621549042
676	2.880928953694401
677	3.953601637916045
678	2.52770145469221
679	2.521944257283558
680	2.5770495132862448
681	2.6028195034821757
682	2.1596498898567424
683	2.9040558242363064
684	1.903733221475281
685	2.8371655180836277
686	2.2757504730503464
687	2.465257689221384
688	2.21883830652604
689	2.038444312577552
690	2.2237007520530563
691	2.6592526042883637
692	3.2353179275599593
693	2.198246604249995
694	3.3804148855308043
695	2.3359952320324093
696	3.473982811563753
697	2.4740931864858453
698	2.1128624529575495
699	2.1711948204972313
700	2.1768712981225073
