301	2.4449329119806538
302	2.6957673659614936
303	3.081660115968342
304	3.910108172955284
305	1.9307073763219043
306	1.6824279796745394
307	2.0446834200560984
308	3.5812333261923106
309	2.4382895548984886
310	2.350739808555289
311	1.7236686889718111
312	2.99081847793457
313	3.012163098928655
314	2.4898783906425455
315	2.341977920155802
316	2.9985088594447684
317	2.671157626337144
318	2.0374805110433596
319	1.9199723236198074
320	2.3976914884715823
321	2.270756472955259
322	1.8454321774946072
323	2.2460888460495676
324	2.577283722481439
325	2.3265421224626186
326	2.275380548576452
327	2.0354410781694052
328	3.614419451389791
329	1.7312776147841078
330	1.8173202847084016
331	1.4825559037499325
332	1.7500227224747038
333	3.056252411149308
334	3.4667305118749163
335	2.0730962657129495
336	2.115574674493355
337	3.4061169870999914
338	3.100581269225357
339	2.9041288232775
340	1.941063862794149
341	2.1202206360621862
342	1.7621836631842165
343	1.7065299034291488
344	2.590018967462933
345	1.6989568904127887
346	1.9325737913024317
347	2.2770275867908
348	2.9733365023669776
349	3.4830578911965477
350	2.1298320809618256
351	2.160824659686665
352	2.771722493457477
353	2.3775200074177874
354	1.5216566109135499
355	2.6961716712517423
356	4.113204619221433
357	1.9797044772754715
358	2.1010093724611414
359	2.0692637630534034
360	1.8182698801444312
361	1.9160990568937892
362	1.7056737682892193
363	1.8165923647757507
364	3.0122015815602885
365	4.603099139332141
366	3.7347852385180214
367	3.524519915101563
368	2.8360358251297377
369	2.9767677968244053
370	1.7030709851308257
371	1.8367589382694538
372	2.1146514270628076
373	2.3270864924460377
374	2.841211380485383
375	2.50538384503542
376	2.0564478836073694
377	2.0888137947500804
378	1.9133385856131995
379	2.425406205248518
380	2.32700473011133
381	2.686945695219549
382	2.2893750668954067
383	2.0528998436763084
384	2.2020955831036506
385	2.2442644585864007
386	1.801612111708543
387	2.2117641630956575
388	2.410251111997029
389	1.654057204577647
390	2.951301326467152
391	1.8462393933076067
392	2.4989038864704733
393	2.022310475820167
394	2.1619446442071255
395	2.1066903975740896
396	2.490713883943721
397	1.9948161524694428
398	1.7028305907770138
399	2.5480215171571823
400	2.5921434923954254
401	1.7625957369067964
402	2.558887379442818
403	3.154455047396038
404	1.8710282382907437
405	2.4686401342160043
406	2.698966501796656
407	2.424084602334487
408	3.4889358768641547
409	2.0644440202223064
410	2.4621091019772687
411	2.305648919062202
412	2.1202206360621862
413	1.9819873410767215
414	1.723847792462487
415	2.580465140417299
416	3.5920206425390524
417	2.4748680576348896
418	2.449914210107512
419	2.2684723012636216
420	2.2308607611263724
421	1.860884532680598
422	1.8856591991435276
423	5.955667597432404
424	2.9649184930760444
425	1.7868891420394084
426	1.7547161274424383
427	2.6514130685160593
428	1.6642785283190016
429	3.1893551184331796
430	2.26764733206971
431	2.169670565139428
432	1.657352110832561
433	2.7241685234221453
434	2.2074570306473458
435	1.5318439947791955
436	2.5200984758698524
437	1.8120112569881948
438	1.7593023570785713
439	2.3118110278976376
440	1.7297945783370121
441	2.869084847870611
442	2.053722121935226
443	1.6616378483274155
444	3.3106623474557018
445	2.149800708270596
446	1.6173031370210014
447	2.44114101311499
448	2.237340294921413
449	2.1747249272625333
450	2.1466831361658767
601	2.1298992608762104
602	2.4945504243938523
603	2.1029760967906324
604	3.202983777140126
605	1.8994413605000358
606	2.002733806086988
607	2.531877538520603
608	1.5462264379877002
609	2.002044940780196
610	1.7887396244738092
611	2.918364800845106
612	2.2904155140698097
613	2.2631064320912735
614	5.17995238767306
615	1.6874999179712342
616	2.6201305718076204
617	1.7266027093078236
618	2.762238163564708
619	3.5567863950828613
620	1.7926963597544376
621	2.5847297264457683
622	1.6953108217262196
623	2.129816575650835
624	2.766524870774715
625	3.35182141001395
626	3.9532236560568936
627	1.5445729503133196
628	2.2430725275091272
629	1.842215394081627
630	2.5255031066651723
631	1.958507359839475
632	2.1758770148671367
633	2.5892956848910034
634	5.037450901213284
635	2.7508046588147756
636	1.5871653497036229
637	3.096747537694496
638	2.22057743418066
639	2.069371728481701
640	1.8308434976399846
641	2.240805598494593
642	2.4030644703315276
643	2.369630157937204
644	2.1500485160213376
645	2.4100696209950203
646	2.046767975180809
647	2.710332367555708
648	1.703666137876835
649	2.815800571243878
650	1.8805368688848776
651	2.0508426330517557
652	2.3073417366485134
653	2.6402658412350957
654	1.8934315409872047
655	2.730529164141114
656	2.0331264943768588
657	2.061073852622847
658	2.184119854467758
659	1.7218542358002547
660	2.411685984790923
661	3.380534959466266
662	2.133247359658571
663	2.0428938808970236
664	2.2539062793461393
665	2.1260487356424473
666	1.7193211229821872
667	2.9600999173185043
668	1.7945201980290797
669	2.175919545184999
670	2.346402671370882
671	2.7316655150704645
673	1.9902836830138737
674	2.108008023339916
675	2.845361987688162
676	2.987963907721946
677	3.0929365622667335
678	1.7541895814365074
679	1.8039786828463258
680	2.0320165368371446
681	2.295084421288048
682	1.744331049700211
683	2.6223921916695376
684	1.4786431553864352
685	2.2973821155822063
686	2.135184825244602
687	2.148715478876118
688	1.7870101405715992
689	1.544343229467792
690	2.049720263067098
691	2.142019032584315
692	2.9226792700344784
693	1.8865722703258965
694	2.966740772763516
695	2.0976805496221624
696	2.8645604675951555
697	2.063899297460164
698	1.7895676799913125
699	1.771943637089492
700	1.6428726440740127
