301	2.2132668985698225
302	2.5755844691369947
303	3.033300986105517
304	3.528717472386578
305	1.805874975468977
306	1.6330902527998692
307	2.057792987966229
308	3.632148727260061
309	2.3900882632772764
310	2.279412941175374
311	2.0784282233784324
312	2.99081847793457
313	2.948710577041564
314	2.439257203493632
315	2.2060834489693737
316	2.9455713427498402
317	2.4890785250623555
318	1.9693008150341653
319	1.8599381557171026
320	2.4640808771975866
321	2.1165801095666477
322	1.8018591938688813
323	2.1652660799611936
324	2.410928696133371
325	2.191840657292523
326	2.2591413211905094
327	1.9773752004151317
328	3.545543529268082
329	2.0184346044339456
330	1.7874465658642689
331	1.4552702636491823
332	1.6715830467958273
333	2.9945344591198744
334	3.473592379289879
335	2.0202216792357506
336	2.045824464755881
337	3.4771608683647925
338	2.938816247444118
339	2.6957009178641447
340	1.9114677173925978
341	2.008116700058857
342	2.1299311859424814
343	1.641700339799182
344	2.431166259317654
345	1.644430338865464
346	1.8589958133612579
347	2.2214222184821106
348	2.9733365023669776
349	4.562367189166687
350	2.043363278398744
351	2.06124076180759
352	2.4991257926184414
353	2.37146201597276
354	1.6667673246377688
355	2.612099816773982
356	4.0331012574164875
357	1.8858456339354304
358	2.0151670253586125
359	1.9143300203163345
360	1.7571098887658922
361	1.9015137755546407
362	1.7972938926482898
363	1.7581138124041666
364	2.811282223083323
365	4.392385438692501
366	3.3366802154036814
367	3.1639753429837936
368	2.8474925196079295
369	3.0063862571788733
370	1.6621297385153242
371	1.7800393024176877
372	2.0822580532430774
373	2.2222998543759283
374	2.649107387535508
375	2.4540129655882725
376	1.9976549869335496
377	2.1696556153521467
378	1.8703263768161393
379	2.425406205248518
380	2.262601805140702
381	2.4951744957866313
382	2.2279237401991128
383	1.9670890900784763
384	2.141743104137657
385	2.180900119984977
386	1.7417499329431576
387	2.1184704332222237
388	2.3368772178670776
389	1.5879536387896316
390	2.842837540402363
391	1.8270485656436222
392	3.1437063629044655
393	1.9656578193689147
394	2.0541840535625955
395	2.054519543082648
396	2.5113329298088045
397	1.9566896060914083
398	1.717566413655805
399	2.5133385125720786
400	2.484203482240158
401	1.6983249012437969
402	2.5021397114547903
403	2.962666739614022
404	1.783775831395852
405	2.4198126437643963
406	3.0766614053505186
407	2.311028903049506
408	3.414526664213584
409	1.9738509604294368
410	2.3595565368807367
411	3.051844270444874
412	2.008116700058857
413	1.9117690927859439
414	1.6924496355177674
415	2.4098929687492805
416	3.2942096048161935
417	2.28573989842409
418	2.2757125260193902
419	2.3494386283073467
420	2.225116541692565
421	1.798141044911367
422	1.849813764787032
423	5.365716918070624
424	2.719765514830288
425	1.7312365404410512
426	1.7473021110362839
427	2.9450947650942134
428	1.5911809810303224
429	2.9419600689958547
430	2.1329200089402796
431	2.080397375864258
432	2.01407058734771
433	2.6554264604242728
434	2.3356455359295474
435	1.459470114859434
436	2.4803430674683415
437	1.7488631836696307
438	1.7169419744118797
439	2.209939458314153
440	1.6819629644822431
441	3.1616708882520843
442	2.192981826721458
443	1.6245677255390587
444	3.3255171480496957
445	2.113421158473795
446	1.5712312616387594
447	2.427505779235897
448	2.138057420285304
449	2.5505205547754315
450	2.118556098526384
601	2.0532477958561057
602	2.5819744969545866
603	2.0004112324635996
604	3.100624418711474
605	1.8544403768951168
606	2.4495335341286304
607	2.470593026977359
608	1.4874170009263665
609	1.8918460281111813
610	1.6394702565136652
611	2.7999279872051916
612	2.2575951704081767
613	2.1676337809870194
614	5.1182432858770905
615	1.6299966744822054
616	3.379866980049814
617	1.678669792951083
618	2.6277866525864297
619	3.7563034424609167
620	1.8222298594343407
621	2.508420753116169
622	1.6389151608246117
623	2.09314340462688
624	2.641543137698689
625	2.9215832785087525
626	3.499961611262575
627	1.679486453484639
628	2.2009678809084208
629	1.796680241200541
630	2.5160609933312528
631	1.9257047156227778
632	2.0955145297385083
633	2.4785964966651104
634	4.490634103479037
635	2.516179444862053
636	1.5449187229272883
637	3.0258395308866985
638	2.1490916571985723
639	2.0020014359451115
640	1.813550358577848
641	3.2015702531179038
642	2.2612595926747647
643	2.307849518840759
644	2.0740008601520694
645	2.737967346347464
646	2.1057414709716595
647	3.7133582694639253
648	1.651329611571134
649	2.7625386113260997
650	1.7982912332261551
651	2.0034115057618527
652	2.138228660082092
653	2.8871380828646243
654	1.8280515577255316
655	2.7319812562383894
656	1.9627995346316773
657	1.986535034057598
658	2.058143302323803
659	1.683764177865002
660	2.291708243270219
661	3.425894521686427
662	2.019611886139643
663	1.961022118179092
664	2.1815270398728415
665	2.0515805837401575
666	2.4880597094134815
667	3.1044950540791234
668	1.7709296376825439
669	2.292926496068612
670	2.1163635835017587
671	2.4383730408347266
673	1.9300092034719099
674	1.9682153280024803
675	2.9350035372308843
676	3.268493895031955
677	3.1602507572878467
678	1.6400741011204165
679	1.706230102112211
680	1.9338062101819509
681	2.2354234135057007
682	1.7152546301033098
683	2.489289608772355
684	1.4240749273279467
685	2.2119536744720585
686	2.035758451807053
687	2.126038107235298
688	1.6931192322632922
689	1.4852379531456381
690	2.0160274655573156
691	2.055778630636962
692	2.848064579358271
693	1.8495157853773312
694	2.7310383521028565
695	2.1289994602811992
696	2.6239629376698277
697	1.9847601963180876
698	1.75844866662227
699	1.7674826460008748
700	1.593486964487361
