100	100	1	0.246516377303
100	100	10	0.375339243533
100	100	100	0.203290888962
100	100	20	0.35853191491
100	100	5	0.343242064379
100	100	50	0.274135355392
100	100	75	0.237129875773
100	10	1	0.470575862341
100	10	10	0.550738404231
100	10	100	0.439186802475
100	10	20	0.546947117744
100	10	5	0.5445222866
100	10	50	0.488585514626
100	10	75	0.460459695782
100	1	1	0.0584500005352
100	1	10	0.52912105023
100	1	100	0.453137070021
100	1	20	0.549175323544
100	1	5	0.51800483397
100	1	50	0.498255625542
100	1	75	0.464071234108
100	20	1	0.423967170152
100	20	10	0.510546393216
100	20	100	0.382664899842
100	20	20	0.487806811725
100	20	5	0.505916067694
100	20	50	0.433024120524
100	20	75	0.406972804991
100	50	1	0.333809535808
100	50	10	0.443030061804
100	50	100	0.284305196975
100	50	20	0.424401751048
100	50	5	0.423991583009
100	50	50	0.34132709776
100	50	75	0.314777623169
100	5	1	0.470338111216
100	5	10	0.57695033141
100	5	100	0.477326704332
100	5	20	0.575181669728
100	5	5	0.545141752623
100	5	50	0.525403085049
100	5	75	0.496501076371
100	75	1	0.267106023639
100	75	10	0.405705409422
100	75	100	0.234202894474
100	75	20	0.387397929525
100	75	5	0.374074304444
100	75	50	0.302730207112
100	75	75	0.265897674052
10	100	1	0.254335485443
10	100	10	0.406948751994
10	100	5	0.366310093149
10	10	1	0.455429650971
10	10	10	0.548179490588
10	10	5	0.530451041755
10	1	1	0.0584500005352
10	1	10	0.485834155625
10	1	5	0.491906576787
10	20	1	0.412357260834
10	20	10	0.515101400299
10	20	5	0.502686104742
10	50	1	0.334915372733
10	50	10	0.462736468335
10	50	5	0.437026791369
10	5	1	0.4592503275
10	5	10	0.566891299916
10	5	5	0.529667237168
10	75	1	0.270686079681
10	75	10	0.432634516895
10	75	5	0.392341238714
1	100	1	0.161735781255
1	10	1	0.2302997691
1	1	1	0.0644051968279
1	20	1	0.2302997691
1	50	1	0.211241124899
1	5	1	0.0942732150238
1	75	1	0.161735781255
20	100	1	0.252046378402
20	100	10	0.404704162971
20	100	20	0.397940701554
20	100	5	0.36340943431
20	10	1	0.46725768766
20	10	10	0.553915651369
20	10	20	0.554722092158
20	10	5	0.546746520374
20	1	1	0.0584500005352
20	1	10	0.518597091111
20	1	20	0.549077428917
20	1	5	0.511867153012
20	20	1	0.420198841749
20	20	10	0.519394723578
20	20	20	0.500299644157
20	20	5	0.510176475538
20	50	1	0.335680069735
20	50	10	0.462485346524
20	50	20	0.45465111869
20	50	5	0.436123369829
20	5	1	0.468760134773
20	5	10	0.575624713193
20	5	20	0.579105913361
20	5	5	0.543830121628
20	75	1	0.271146145541
20	75	10	0.43123745987
20	75	20	0.42301353056
20	75	5	0.390646594727
50	100	1	0.248135798788
50	100	10	0.388091366256
50	100	20	0.377096261403
50	100	5	0.35223504345
50	100	50	0.299139220168
50	10	1	0.468637346291
50	10	10	0.552242330855
50	10	20	0.551906454669
50	10	5	0.544759730439
50	10	50	0.513435573358
50	1	1	0.0584500005352
50	1	10	0.525266450065
50	1	20	0.549494369168
50	1	5	0.51558310428
50	1	50	0.524068560308
50	20	1	0.422984702236
50	20	10	0.514004935551
50	20	20	0.494707834676
50	20	5	0.507885710434
50	20	50	0.455757557602
50	50	1	0.334487897858
50	50	10	0.451148541804
50	50	20	0.437489897386
50	50	5	0.429317683937
50	50	50	0.365086991369
50	5	1	0.468067570819
50	5	10	0.576326825511
50	5	20	0.57727588806
50	5	5	0.544775610895
50	5	50	0.549253894018
50	75	1	0.268071194092
50	75	10	0.416509029516
50	75	20	0.403593934332
50	75	5	0.381173875768
50	75	50	0.327809130172
5	100	1	0.251400333214
5	100	5	0.36303731968
5	10	1	0.431584735553
5	10	5	0.517234851492
5	1	1	0.0584500005352
5	1	5	0.44780430482
5	20	1	0.399935072444
5	20	5	0.50718930837
5	50	1	0.329552157026
5	50	5	0.438797917346
5	5	1	0.445887541724
5	5	5	0.496027184952
5	75	1	0.265496945471
5	75	5	0.388854157296
75	100	1	0.247447590624
75	100	10	0.380262485368
75	100	20	0.365697380552
75	100	5	0.345767261246
75	100	50	0.284370163775
75	100	75	0.247703005572
75	10	1	0.470330780469
75	10	10	0.551497491034
75	10	20	0.54837678429
75	10	5	0.544777016277
75	10	50	0.496550020908
75	10	75	0.472366917236
75	1	1	0.0584500005352
75	1	10	0.528273622855
75	1	20	0.548854547102
75	1	5	0.517472785899
75	1	50	0.503031928437
75	1	75	0.472725499406
75	20	1	0.424128350635
75	20	10	0.512258673132
75	20	20	0.490484371656
75	20	5	0.506839702592
75	20	50	0.440894495399
75	20	75	0.417935791428
75	50	1	0.334656467773
75	50	10	0.445978594876
75	50	20	0.429270076033
75	50	5	0.425383424298
75	50	50	0.350327663299
75	50	75	0.326326624694
75	5	1	0.470373437568
75	5	10	0.577027658581
75	5	20	0.575722019632
75	5	5	0.545303834494
75	5	50	0.532605464851
75	5	75	0.50782319604
75	75	1	0.267820171066
75	75	10	0.409931721674
75	75	20	0.393747871211
75	75	5	0.37600573333
75	75	50	0.312649615115
75	75	75	0.276799383345
