100	100	1	0.507915907064
100	100	10	0.503164423471
100	100	100	0.477293811258
100	100	20	0.533727539461
100	100	5	0.493258382642
100	100	50	0.489985639218
100	100	75	0.488718637094
100	10	1	0.523165610341
100	10	10	0.502033800621
100	10	100	0.529402633028
100	10	20	0.527193369189
100	10	5	0.506674555912
100	10	50	0.551160596862
100	10	75	0.538400431857
100	1	1	0.0249368373211
100	1	10	0.469233437857
100	1	100	0.536810888025
100	1	20	0.493155434835
100	1	5	0.487476046828
100	1	50	0.558238066146
100	1	75	0.541860196787
100	20	1	0.4987724284
100	20	10	0.497602273845
100	20	100	0.520417854577
100	20	20	0.519936620758
100	20	5	0.502204868618
100	20	50	0.528598206489
100	20	75	0.527355178666
100	50	1	0.53273800566
100	50	10	0.509207078886
100	50	100	0.496965787651
100	50	20	0.540580496099
100	50	5	0.495414931566
100	50	50	0.518852698644
100	50	75	0.508981716215
100	5	1	0.531081325254
100	5	10	0.523111126814
100	5	100	0.545662904967
100	5	20	0.545218811529
100	5	5	0.498430453824
100	5	50	0.566085126316
100	5	75	0.548993234826
100	75	1	0.510025903624
100	75	10	0.49436039907
100	75	100	0.478980048171
100	75	20	0.528589318158
100	75	5	0.47836837484
100	75	50	0.494224783968
100	75	75	0.487414488427
10	100	1	0.515602679163
10	100	10	0.496080805511
10	100	5	0.486011453672
10	10	1	0.505666085598
10	10	10	0.477166313085
10	10	5	0.484450246249
10	1	1	0.0249368373211
10	1	10	0.40411358501
10	1	5	0.445612185345
10	20	1	0.467698491025
10	20	10	0.477970505133
10	20	5	0.47616880772
10	50	1	0.526209989609
10	50	10	0.498602311032
10	50	5	0.481548702788
10	5	1	0.499839211174
10	5	10	0.487828331378
10	5	5	0.462833305779
10	75	1	0.516617630416
10	75	10	0.485536297605
10	75	5	0.470858247392
1	100	1	0.00255258416146
1	10	1	0.0249368373211
1	1	1	0.0249368373211
1	20	1	0.00255258416146
1	50	1	0.00255258416146
1	5	1	0.0249368373211
1	75	1	0.00255258416146
20	100	1	0.507915907064
20	100	10	0.503164423471
20	100	20	0.533727539461
20	100	5	0.493258382642
20	10	1	0.523165610341
20	10	10	0.502033800621
20	10	20	0.527193369189
20	10	5	0.506674555912
20	1	1	0.0249368373211
20	1	10	0.469233437857
20	1	20	0.493155434835
20	1	5	0.487476046828
20	20	1	0.4987724284
20	20	10	0.497602273845
20	20	20	0.519936620758
20	20	5	0.502204868618
20	50	1	0.53273800566
20	50	10	0.509207078886
20	50	20	0.540580496099
20	50	5	0.495414931566
20	5	1	0.531081325254
20	5	10	0.523111126814
20	5	20	0.545218811529
20	5	5	0.498430453824
20	75	1	0.510025903624
20	75	10	0.49436039907
20	75	20	0.528589318158
20	75	5	0.47836837484
50	100	1	0.507915907064
50	100	10	0.503164423471
50	100	20	0.533727539461
50	100	5	0.493258382642
50	100	50	0.489985639218
50	10	1	0.523165610341
50	10	10	0.502033800621
50	10	20	0.527193369189
50	10	5	0.506674555912
50	10	50	0.551160596862
50	1	1	0.0249368373211
50	1	10	0.469233437857
50	1	20	0.493155434835
50	1	5	0.487476046828
50	1	50	0.558238066146
50	20	1	0.4987724284
50	20	10	0.497602273845
50	20	20	0.519936620758
50	20	5	0.502204868618
50	20	50	0.528598206489
50	50	1	0.53273800566
50	50	10	0.509207078886
50	50	20	0.540580496099
50	50	5	0.495414931566
50	50	50	0.518852698644
50	5	1	0.531081325254
50	5	10	0.523111126814
50	5	20	0.545218811529
50	5	5	0.498430453824
50	5	50	0.566085126316
50	75	1	0.510025903624
50	75	10	0.49436039907
50	75	20	0.528589318158
50	75	5	0.47836837484
50	75	50	0.494224783968
5	100	1	0.48678961261
5	100	5	0.464283401965
5	10	1	0.474643583889
5	10	5	0.463953518219
5	1	1	0.0249368373211
5	1	5	0.323027107581
5	20	1	0.427916509696
5	20	5	0.454148908984
5	50	1	0.500676058877
5	50	5	0.455821480178
5	5	1	0.452446157869
5	5	5	0.410572386585
5	75	1	0.490020340551
5	75	5	0.445883359558
75	100	1	0.507915907064
75	100	10	0.503164423471
75	100	20	0.533727539461
75	100	5	0.493258382642
75	100	50	0.489985639218
75	100	75	0.488718637094
75	10	1	0.523165610341
75	10	10	0.502033800621
75	10	20	0.527193369189
75	10	5	0.506674555912
75	10	50	0.551160596862
75	10	75	0.538400431857
75	1	1	0.0249368373211
75	1	10	0.469233437857
75	1	20	0.493155434835
75	1	5	0.487476046828
75	1	50	0.558238066146
75	1	75	0.541860196787
75	20	1	0.4987724284
75	20	10	0.497602273845
75	20	20	0.519936620758
75	20	5	0.502204868618
75	20	50	0.528598206489
75	20	75	0.527355178666
75	50	1	0.53273800566
75	50	10	0.509207078886
75	50	20	0.540580496099
75	50	5	0.495414931566
75	50	50	0.518852698644
75	50	75	0.508981716215
75	5	1	0.531081325254
75	5	10	0.523111126814
75	5	20	0.545218811529
75	5	5	0.498430453824
75	5	50	0.566085126316
75	5	75	0.548993234826
75	75	1	0.510025903624
75	75	10	0.49436039907
75	75	20	0.528589318158
75	75	5	0.47836837484
75	75	50	0.494224783968
75	75	75	0.487414488427
