133	0.0264928176529
132	0.0331487238869
131	0.0109245006309
130	0.0110168903993
137	0.00255178264699
136	0.0159978493594
135	0.00012955465587
134	0.00384560268192
139	0.00845999812846
138	0.0188635453882
120	0.000205254017871
121	0.00633186640997
122	0.0
123	0.00238138736493
124	0.0011948981661
125	0.00599144932241
126	0.0039577600822
127	0.00419458008696
128	0.0184100296274
129	0.00433058259714
199	0.00182251019706
198	0.0081114074242
200	0.0093414689385
195	0.00465992531459
194	5.55555555556e-05
197	0.000112260536398
196	0.00328024834764
191	0.0
190	8.33333333333e-05
193	0.00754723084575
192	0.0230187939659
115	0.00143651000056
114	0.0177338636025
117	0.00555682848157
116	0.00894598179598
111	0.032285180514
110	0.0128595930305
113	0.00325698166449
112	0.00125340569352
119	0.000894412439229
118	0.00345356824833
108	0.00215373156553
109	0.000151094276094
102	0.0123168295012
103	0.0198035748821
101	0.0288811455166
106	0.014674178554
107	0.013829160976
104	0.0256406314971
105	0.00029205594152
179	0.0
178	0.000722222222222
177	0.0139509120354
176	0.000812741312741
175	0.0285171571073
174	0.029601171067
173	0.0429878764677
172	0.0243066696497
171	0.00501900529892
170	0.029840883157
182	0.00317563667376
183	0.0289413930711
180	0.0
181	0.0
186	0.00034187710199
187	0.0
184	0.0215934053771
185	0.0143817821821
188	0.005577035967
189	1.35135135135e-05
168	0.00133262151701
169	0.00924827941142
164	0.0433253069786
165	0.0101526798825
166	0.00343037098005
167	0.000431360923816
160	0.00130405293631
161	0.0257301839112
162	0.00313528726708
163	0.054615561206
151	0.002452825735
150	0.0250711226462
153	0.0393392966837
152	4.72411186697e-05
155	0.000497023809524
154	0.0260942639277
157	0.00130454063346
156	0.00135227943312
159	0.0103033575425
158	0.0
146	0.000238024683304
147	0.000104242250081
144	0.00197805383023
145	0.0186066871498
142	0.00271835733842
143	0.000420514772978
140	0.00078672075045
141	0.00796717596947
148	0.00010482775231
149	0.00293211373461
