133	0.0208417820741
132	0.0289226585678
131	0.00944122807018
130	0.00760429817001
137	0.00192222222222
136	0.0143392263052
135	7.69230769231e-05
134	0.00277192982456
139	0.00813823953824
138	0.0158899659508
120	0.000158823529412
121	0.00525926540779
122	0.0
123	0.00153431568432
124	0.000615873015873
125	0.00305479740847
126	0.00330976172091
127	0.00349924242424
128	0.0158222222222
129	0.00314183218742
199	0.00173040935673
198	0.00781282606283
200	0.00762978075846
195	0.00390848595849
194	5.55555555556e-05
197	6.66666666667e-05
196	0.0028
191	0.0
190	8.33333333333e-05
193	0.00651260669155
192	0.0148482418725
115	0.000854279054279
114	0.0138329469507
117	0.00514935064935
116	0.00894598179598
111	0.0264797071393
110	0.01071819553
113	0.00211460761461
112	0.000911111111111
119	0.000748412698413
118	0.00276648351648
108	0.00138644688645
109	9.09090909091e-05
102	0.0113119047619
103	0.0166269664976
101	0.0266213609447
106	0.0108972163028
107	0.0109035784649
104	0.020888969364
105	0.0
179	0.0
178	0.000722222222222
177	0.0109333324957
176	0.000785714285714
175	0.0206080651375
174	0.0258084882781
173	0.0367392371861
172	0.0202919341623
171	0.00412160514924
170	0.0279683545213
182	0.00234310776942
183	0.0241699186692
180	0.0
181	0.0
186	0.000191666666667
187	0.0
184	0.0194025779776
185	0.0123484848485
188	0.00483650793651
189	0.0
168	0.000922222222222
169	0.00718662519971
164	0.0369215604657
165	0.00665301968413
166	0.00319047619048
167	0.000333556149733
160	0.00116666666667
161	0.0220188749116
162	0.00297619047619
163	0.0484142928279
151	0.00109215686275
150	0.0225458515255
153	0.0344061188811
152	0.0
155	0.000497023809524
154	0.0199552845074
157	0.000897222222222
156	0.00110192307692
159	0.00847080200501
158	0.0
146	5e-05
147	7.14285714286e-05
144	0.00184761904762
145	0.0160815126781
142	0.00198621553885
143	0.000325
140	0.000468686868687
141	0.00661492375873
148	0.0
149	0.00248333333333
