133	0.0254207923148
132	0.0319684075832
131	0.0103383216662
130	0.00987344544827
137	0.00244689982372
136	0.0155883865999
135	0.00012955465587
134	0.00338335881621
139	0.00820345692954
138	0.0183653474353
120	0.000180562659847
121	0.00595190782285
122	0.0
123	0.00227944948225
124	0.000916298044144
125	0.0044568181791
126	0.00379046684911
127	0.00392895962252
128	0.0176647835608
129	0.00384289560782
199	0.0017989807853
198	0.00795586565414
200	0.00860312292706
195	0.00438053741438
194	5.55555555556e-05
197	0.000101149425287
196	0.00306428571429
191	0.0
190	8.33333333333e-05
193	0.00695613728105
192	0.0200859674375
115	0.00130240704098
114	0.0161716428604
117	0.00534523450687
116	0.00894598179598
111	0.0314212471404
110	0.0119781873834
113	0.00282029560422
112	0.00111885899022
119	0.000811355960824
118	0.00318209680806
108	0.00193405166262
109	0.000132575757576
102	0.0120684533391
103	0.0189193555392
101	0.028142069817
106	0.0130721842283
107	0.013175155943
104	0.0242361407655
105	0.000114064064064
179	0.0
178	0.000722222222222
177	0.0126340614001
176	0.000812741312741
175	0.0261647102091
174	0.0281343304601
173	0.0418528946909
172	0.0235768831013
171	0.00448507795457
170	0.029338876761
182	0.00283895143362
183	0.0279944432982
180	0.0
181	0.0
186	0.000258693693694
187	0.0
184	0.0205207786229
185	0.013742696212
188	0.00531436280495
189	0.0
168	0.0010451098157
169	0.00873843489143
164	0.0420081756293
165	0.00893582903033
166	0.00327193011592
167	0.000358556149733
160	0.00123333333333
161	0.0249109961119
162	0.00310267857143
163	0.054514551105
151	0.00165689910278
150	0.0242263517919
153	0.037654335871
152	3.7037037037e-05
155	0.000497023809524
154	0.0242685392806
157	0.00119399641577
156	0.00125386694626
159	0.0100293528586
158	0.0
146	0.000121276595745
147	7.14285714286e-05
144	0.00197805383023
145	0.0183863591686
142	0.00228347383611
143	0.000352777777778
140	0.00064687950938
141	0.00751804503225
148	9.41894544379e-05
149	0.00286227246477
