133	0.0261837531517
132	0.0322633087404
131	0.0105970711327
130	0.0109905746098
137	0.00255178264699
136	0.0157973609589
135	0.00012955465587
134	0.00374683724982
139	0.00843402410248
138	0.0187738017984
120	0.000180562659847
121	0.00627692135503
122	0.0
123	0.00232170300338
124	0.00112562566645
125	0.00563827035444
126	0.00389573000701
127	0.00408208008696
128	0.0181427180219
129	0.0040525486571
199	0.0017989807853
198	0.00807807409087
200	0.00890268926111
195	0.00458887268301
194	5.55555555556e-05
197	0.000101149425287
196	0.00321774834764
191	0.0
190	8.33333333333e-05
193	0.00733987826205
192	0.0216703548528
115	0.00142385177272
114	0.0169962225829
117	0.00545529591452
116	0.00894598179598
111	0.0318647195721
110	0.0124671058639
113	0.00302589619375
112	0.00125340569352
119	0.000882784532253
118	0.00332043427704
108	0.00207554007617
109	0.000151094276094
102	0.0122842208055
103	0.0192721035162
101	0.02880032919
106	0.0141422877741
107	0.013697126344
104	0.0247574285476
105	0.000241125585326
179	0.0
178	0.000722222222222
177	0.0137073739874
176	0.000812741312741
175	0.0278069038862
174	0.0291260791977
173	0.0425804362875
172	0.0241372365547
171	0.00476238541191
170	0.0297234190422
182	0.00304623530915
183	0.028729932723
180	0.0
181	0.0
186	0.000309268406337
187	0.0
184	0.0212910828048
185	0.0140335557762
188	0.005577035967
189	1.35135135135e-05
168	0.00117905563721
169	0.00888274130965
164	0.0430986677642
165	0.00971265521417
166	0.00335813701247
167	0.000375222816399
160	0.00127179487179
161	0.0254014971392
162	0.00310267857143
163	0.054514551105
151	0.00224559601635
150	0.024704629878
153	0.0390221980505
152	3.7037037037e-05
155	0.000497023809524
154	0.0251341567471
157	0.00119399641577
156	0.00130304727413
159	0.0103033575425
158	0.0
146	0.000178275879476
147	7.14285714286e-05
144	0.00197805383023
145	0.0184590670577
142	0.00260263798854
143	0.000386676082863
140	0.0006928002553
141	0.00783178439724
148	9.41894544379e-05
149	0.00293211373461
