133	0.0179806296769
132	0.0443369329823
131	0.0169441782087
130	0.0613554654303
137	0.00336787838494
136	0.0113183624348
135	0.000514926817249
134	0.00101420530493
139	0.0421117396372
138	0.0396312192984
120	0.000723368593051
121	0.0125334825954
122	0.00239589608319
123	0.00164202321758
124	0.00157480904501
125	0.0333104481312
126	0.00330222858153
127	0.0144582766391
128	0.00759568765428
129	0.00758331305906
199	0.000975519176386
198	0.00307290609674
200	0.0124224731336
195	0.0390301331232
194	0.000262952176393
197	0.000186998177261
196	0.00259062818889
191	0.000628247806115
190	0.00196101513682
193	0.00674827548269
192	0.142780604068
115	0.0131237799649
114	0.0434004811288
117	0.00629184464787
116	0.0468155021157
111	0.047455663263
110	0.0189826539113
113	0.00981763148272
112	0.00246906708788
119	0.00276113306929
118	0.00604291594113
108	0.00437116512959
109	0.000247735597736
102	0.0179124802532
103	0.013402354534
101	0.0214292481572
106	0.0360596413936
107	0.0440797239435
104	0.0421039043872
105	0.00157565635818
179	0.0005079004329
178	0.00447733554371
177	0.00814639991244
176	0.000299904130957
175	0.0786069311167
174	0.054036029087
173	0.0533556926325
172	0.0125639087413
171	0.0148222378494
170	0.00743372261897
182	0.0041017819225
183	0.0443011219341
180	0.000548658738922
181	0.000426456043956
186	0.000483850926335
187	5.64592760181e-05
184	0.0279040907063
185	0.0112201368137
188	0.00219208044063
189	4e-05
168	0.00529837838116
169	0.0219744134228
164	0.0505950598567
165	0.0384893079684
166	0.00330429190091
167	0.00162845539265
160	0.00105412382939
161	0.0277041172789
162	0.00286196671148
163	0.0576628736039
151	0.00214154024897
150	0.0108461795901
153	0.0676784367284
152	0.00219093157788
155	0.000904852508603
154	0.0694238416301
157	0.000366219876615
156	0.0138274030132
159	0.00316009700267
158	0.000121363764804
146	0.0180669023129
147	0.00158590060181
144	0.00415340038616
145	0.00852516396658
142	0.00380200473847
143	0.0029782386108
140	0.000793584384742
141	0.0205400212722
148	0.000282377001653
149	0.00696955053418
