133	0.0275794037447
132	0.0663008043357
131	0.0281654641326
130	0.0990898779427
137	0.00518427665074
136	0.0144853731794
135	0.000748661410702
134	0.00183920739725
139	0.063546143635
138	0.0578203044705
120	0.000976620486743
121	0.0192444142885
122	0.00300214569727
123	0.0025063138318
124	0.00278150842371
125	0.0696280464881
126	0.00484383241695
127	0.0207295069543
128	0.0100182961488
129	0.0123070069364
199	0.00143170884625
198	0.003876353399
200	0.0190401877624
195	0.0689550336836
194	0.000288760187873
197	0.000220852251715
196	0.00302405382797
191	0.000800152683948
190	0.00216983049475
193	0.00920751711595
192	0.280339800516
115	0.0182613990913
114	0.0674439860747
117	0.00943394316047
116	0.0706284221414
111	0.0836652451968
110	0.0265115078971
113	0.0161233920991
112	0.00311559627308
119	0.00365047519159
118	0.00840349261073
108	0.00600237571187
109	0.000295133868663
102	0.0212016778183
103	0.0178315051603
101	0.0274258945815
106	0.0617085137388
107	0.0707660760806
104	0.0574273207184
105	0.00199487817726
179	0.000523047580048
178	0.00722603644706
177	0.01173590118
176	0.000440796930827
175	0.136159818456
174	0.0965090008502
173	0.0934917473805
172	0.0210060957655
171	0.0227832559705
170	0.01088448514
182	0.00603959245514
183	0.0671869152896
180	0.000647875910483
181	0.000480947077925
186	0.000636569986405
187	8.22210142798e-05
184	0.0403605411947
185	0.0136231801437
188	0.00315006635045
189	5.01812450749e-05
168	0.00788093227486
169	0.035525238898
164	0.0798119355389
165	0.0670218359946
166	0.00399953019632
167	0.00222607693092
160	0.00135854297712
161	0.0364991179845
162	0.00348425119297
163	0.0962793340583
151	0.0032938163737
150	0.0142280606188
153	0.112152929838
152	0.00264092965455
155	0.00115659564554
154	0.12643328646
157	0.000725428998294
156	0.0185141320394
159	0.00596662218013
158	0.000159822942027
146	0.0306006624006
147	0.00266964342025
144	0.00580363591542
145	0.0123299957005
142	0.00511477810835
143	0.00393630510136
140	0.00105091063212
141	0.0248069989868
148	0.0005033500577
149	0.00852042370257
