133	0.012359484127
132	0.0305223015873
131	0.0119624603175
130	0.0376512301587
137	0.00257880952381
136	0.00807103174603
135	0.000379166666667
134	0.00069630952381
139	0.027679484127
138	0.0289101587302
120	0.000540238095238
121	0.00857357142857
122	0.00183329365079
123	0.00116611111111
124	0.00103615079365
125	0.0186767857143
126	0.00216142857143
127	0.0109915873016
128	0.00573142857143
129	0.00556408730159
199	0.000679484126984
198	0.00237884920635
200	0.00771476190476
195	0.0276442063492
194	0.000191904761905
197	0.000114563492063
196	0.00230968253968
191	0.000512857142857
190	0.00186801587302
193	0.00507900793651
192	0.0767041666667
115	0.00990650793651
114	0.0302656746032
117	0.0046251984127
116	0.0288034920635
111	0.0290234126984
110	0.0147942857143
113	0.00708964285714
112	0.00189079365079
119	0.00221297619048
118	0.00485273809524
108	0.00336563492063
109	0.0002
102	0.0147514285714
103	0.0108502777778
101	0.0168254365079
106	0.0230874206349
107	0.0287398412698
104	0.0317361111111
105	0.00138694444444
179	0.000485
178	0.00337416666667
177	0.00605928571429
176	0.00016619047619
175	0.0476150793651
174	0.0315835714286
173	0.0320968650794
172	0.00749515873016
171	0.0107286111111
170	0.00510781746032
182	0.00299972222222
183	0.0315091269841
180	0.000465595238095
181	0.000369404761905
186	0.000386626984127
187	1.25e-05
184	0.0200556746032
185	0.00953095238095
188	0.00177456349206
189	3.33333333333e-05
168	0.00390507936508
169	0.0145577777778
164	0.0318958333333
165	0.0238375396825
166	0.00288464285714
167	0.00128976190476
160	0.000895
161	0.020391468254
162	0.00229662698413
163	0.0368763888889
151	0.00156214285714
150	0.00836011904762
153	0.0412244444444
152	0.0019169047619
155	0.000699404761905
154	0.0410153174603
157	0.000231904761905
156	0.0100499603175
159	0.00163583333333
158	7.85714285714e-05
146	0.00938646825397
147	0.00114023809524
144	0.00292515873016
145	0.00588702380952
142	0.00312615079365
143	0.00235884920635
140	0.000568650793651
141	0.0171734920635
148	0.000154285714286
149	0.00572555555556
