133	0.0322012012571
132	0.0775851497394
131	0.0343426518832
130	0.116681390587
137	0.00615285238437
136	0.0152667403657
135	0.00094590060488
134	0.00225219273253
139	0.074270850743
138	0.0665738678573
120	0.0010958674748
121	0.0224824093634
122	0.00338346548005
123	0.00282892416889
124	0.00339479709627
125	0.0907803834723
126	0.00591397862585
127	0.023678436202
128	0.0113964936989
129	0.0145861882647
199	0.00173224952253
198	0.0042027324801
200	0.0224530733093
195	0.0889869830914
194	0.00029811442277
197	0.000239416846929
196	0.0033905558435
191	0.000862766768563
190	0.00229840355469
193	0.0108164904644
192	0.34310660899
115	0.0206160436881
114	0.0818784840665
117	0.0113459564148
116	0.0781278680898
111	0.100710747923
110	0.0300774620529
113	0.019801916355
112	0.00344099820453
119	0.00413790800176
118	0.00942716924476
108	0.00685417509511
109	0.000324341983549
102	0.0225173722123
103	0.0198027123449
101	0.0305269913255
106	0.0755404902937
107	0.0837675733347
104	0.0641518972589
105	0.0022343397337
179	0.000526752554319
178	0.00931363033376
177	0.0137195578257
176	0.000483276089151
175	0.163219822657
174	0.114790268912
173	0.113346268635
172	0.0244390119017
171	0.0272389610756
170	0.0121125472069
182	0.00696585392597
183	0.0798813582019
180	0.000720587007009
181	0.000511419320736
186	0.000762117231454
187	8.8742726364e-05
184	0.0466254806174
185	0.0147361719591
188	0.00362783445392
189	5.30031846615e-05
168	0.00946388338969
169	0.0424595069937
164	0.0915811525475
165	0.0818230947934
166	0.00437537324651
167	0.00251096853017
160	0.00149689281483
161	0.0411998925505
162	0.00367593405486
163	0.114341167498
151	0.00410558488421
150	0.0157464956511
153	0.129279424039
152	0.00292632422178
155	0.00120430396754
154	0.160241558608
157	0.000959573885377
156	0.0202779749241
159	0.00743394616745
158	0.000167356021532
146	0.0358613138381
147	0.00318191829
144	0.00661748688014
145	0.0133070947753
142	0.00591042085579
143	0.0044284463576
140	0.00119612792189
141	0.0264162274501
148	0.000573245222087
149	0.00925569890496
