133	0.0143232142857
132	0.0231226190476
131	0.00570535714286
130	0.00924404761905
137	0.00172777777778
136	0.00590079365079
135	0.0
134	0.00153333333333
139	0.013068452381
138	0.0123265873016
120	5e-05
121	0.0069501984127
122	0.0
123	0.000914285714286
124	0.000216666666667
125	0.00493472222222
126	0.00558650793651
127	0.0038619047619
128	0.00980952380952
129	0.00413492063492
199	0.00144007936508
198	0.0047755952381
200	0.00963075396825
195	0.0128839285714
194	0.0
197	0.0
196	0.00398333333333
191	0.0
190	0.000833333333333
193	0.00881051587302
192	0.0244736111111
115	0.000980952380952
114	0.0133906746032
117	0.00720615079365
116	0.0152248015873
111	0.0264303571429
110	0.0164696428571
113	0.00487043650794
112	0.00128591269841
119	0.00165535714286
118	0.00445952380952
108	0.000810317460317
109	0.00025
102	0.0105813492063
103	0.0184857142857
101	0.0281226190476
106	0.0165847222222
107	0.0249057539683
104	0.0277174603175
105	0.0006
179	0.0
178	0.00241726190476
177	0.00857777777778
176	0.000630952380952
175	0.0521218253968
174	0.0273908730159
173	0.0389902777778
172	0.0115583333333
171	0.00437738095238
170	0.0158938492063
182	0.00435734126984
183	0.0257632936508
180	0.0
181	0.0005625
186	6.25e-05
187	0.0
184	0.0143726190476
185	0.0112
188	0.0030375
189	0.0
168	0.0011123015873
169	0.0072246031746
164	0.0359329365079
165	0.00953035714286
166	0.00223869047619
167	0.000283928571429
160	0.001825
161	0.0164571428571
162	0.00195833333333
163	0.0599581349206
151	0.000704166666667
150	0.0144371031746
153	0.0288819444444
152	0.000555555555556
155	0.000488095238095
154	0.019155952381
157	0.000166666666667
156	0.00154702380952
159	0.00392619047619
158	0.0
146	0.000745833333333
147	0.0001
144	0.0011630952381
145	0.0163742063492
142	0.00351785714286
143	0.00104027777778
140	0.000460317460317
141	0.00926527777778
148	0.0
149	0.00340833333333
