133	0.0288302474494
132	0.038466466826
131	0.0101667002476
130	0.0205028058314
137	0.00344594646495
136	0.0102427129125
135	0.000167376683467
134	0.00267224056111
139	0.0187622857214
138	0.0209090385451
120	0.000252834318188
121	0.0154080729338
122	0.0
123	0.00232258610132
124	0.00107126851096
125	0.0208451184102
126	0.00899786139583
127	0.00611620414687
128	0.0132812152155
129	0.00745641405578
199	0.00229377968629
198	0.00602233273331
200	0.0150619302944
195	0.0194608755471
194	2.77777777778e-05
197	8.85231626611e-05
196	0.00470647756846
191	4.16216824112e-05
190	0.000899415204678
193	0.0130280496653
192	0.0613949525609
115	0.00242850544651
114	0.025747741277
117	0.00897095883632
116	0.0265351843645
111	0.059203560824
110	0.0233694318365
113	0.0094810285159
112	0.00241485387779
119	0.00239352814852
118	0.0062710988718
108	0.00271087314837
109	0.000447901635402
102	0.0137302065616
103	0.0242086310432
101	0.0361758242122
106	0.0291378739343
107	0.0399451336308
104	0.0461106954832
105	0.000931145034058
179	0.0
178	0.00308559830634
177	0.0164863566627
176	0.00107264582265
175	0.0943750867922
174	0.0465340404993
173	0.0739009629448
172	0.0198429074933
171	0.00860599459443
170	0.0215409956647
182	0.00701391960359
183	0.0413314636703
180	0.0
181	0.0005625
186	0.000270369671965
187	0.0
184	0.0257199264878
185	0.0163938619679
188	0.00480934242511
189	3.67150619179e-05
168	0.00209849457281
169	0.015659871665
164	0.0633760331179
165	0.0198620730375
166	0.00337243110811
167	0.000704645584794
160	0.002197298184
161	0.0243962063137
162	0.00239221761029
163	0.11285423493
151	0.00265044663645
150	0.0203533335526
153	0.0510262002357
152	0.000715495707072
155	0.000738271129277
154	0.0414637585061
157	0.00109460686391
156	0.00301590549104
159	0.00704989899743
158	1.35135135135e-05
146	0.00171346876528
147	0.000455996425503
144	0.00182347426605
145	0.0230819830005
142	0.00597140257153
143	0.00163869419614
140	0.00116891583093
141	0.014417458994
148	0.00012099577311
149	0.00456688944296
