133	0.0239983275873
132	0.0160521970474
131	0.00229029163819
130	0.0038351905926
137	0.00125134575569
136	0.0155467986262
135	5.26315789474e-05
134	0.0047014354067
139	0.0119336219336
138	0.0119190361365
120	0.0
121	0.00308550339676
122	0.0
123	0.00197865733366
124	0.000959085933224
125	0.00301903934482
126	0.00175253885605
127	0.0012497243933
128	0.0102801223613
129	0.00451076658244
199	0.00313333333333
198	0.00126679533131
200	0.0107622903034
195	0.00198102204191
194	0.0
197	2.22222222222e-05
196	0.00496313286509
191	0.0
190	0.0
193	0.00198715924353
192	0.013981387051
115	0.000618681273351
114	0.0122645943911
117	0.00177277282105
116	0.0075
111	0.0184861756281
110	0.0125551240047
113	0.000668734429918
112	0.000795833333333
119	0.000111111111111
118	0.00467647058824
108	0.00239899414311
109	0.0
102	0.0110264817393
103	0.0224977633478
101	0.0137703765919
106	0.00965259190556
107	0.0140285004623
104	0.017976959877
105	0.0
179	0.0
178	0.00144444444444
177	0.0153143468945
176	0.00162548262548
175	0.0117751122783
174	0.0129107435921
173	0.028575707482
172	0.0123014114706
171	0.000280726381462
170	0.0350603404357
182	0.00183678223346
183	0.0178691500349
180	0.0
181	0.0
186	0.0
187	0.0
184	0.0167422046242
185	0.00695348283153
188	0.00294351292943
189	2.7027027027e-05
168	0.00100938244334
169	0.00893184465563
164	0.0322087137881
165	0.00917319103372
166	0.00263446029575
167	0.00051862745098
160	2.15053763441e-05
161	0.0150990894903
162	6.25e-05
163	0.0257182428044
151	0.00212768104531
150	0.021296109154
153	0.0314752145083
152	0.0
155	0.0
154	0.0138198235134
157	0.000988095238095
156	0.00166519291949
159	0.0079972828705
158	0.0
146	0.000226376720901
147	0.0
144	0.00212629399586
145	0.00349634157086
142	0.00154208754209
143	2.0618556701e-05
140	0.000365975566256
141	0.00365730712549
148	0.0
149	0.00228138528139
