133	0.0124258730159
132	0.026086031746
131	0.00541984126984
130	0.0278857936508
137	0.00248793650794
136	0.00961174603175
135	0.000693333333333
134	0.00124261904762
139	0.0179784126984
138	0.0183342857143
120	0.00032
121	0.00912753968254
122	0.000692222222222
123	0.00114285714286
124	0.000908095238095
125	0.0104583333333
126	0.00354626984127
127	0.00957174603175
128	0.00893071428571
129	0.00479079365079
199	0.000798253968254
198	0.0028769047619
200	0.0105507936508
195	0.0292028571429
194	0.000188571428571
197	2.5e-05
196	0.0023619047619
191	0.000366666666667
190	0.0014726984127
193	0.00662992063492
192	0.0679238888889
115	0.0125976984127
114	0.0282069047619
117	0.0056880952381
116	0.0330553968254
111	0.0326515079365
110	0.0165712698413
113	0.00607611111111
112	0.00172071428571
119	0.00127603174603
118	0.00405063492063
108	0.00341174603175
109	0.000166666666667
102	0.0176304761905
103	0.0154342857143
101	0.0201061904762
106	0.0237773809524
107	0.0305594444444
104	0.0354437301587
105	0.00160666666667
179	0.0
178	0.00312936507937
177	0.0077223015873
176	0.000332380952381
175	0.0630796031746
174	0.034028015873
173	0.0340969047619
172	0.0082276984127
171	0.00858634920635
170	0.00748142857143
182	0.00315642857143
183	0.0254355555556
180	0.000542142857143
181	0.000520238095238
186	0.000545238095238
187	0.0
184	0.0225946825397
185	0.00961920634921
188	0.003095
189	6.66666666667e-05
168	0.00136015873016
169	0.0155367460317
164	0.036996031746
165	0.0186321428571
166	0.00406825396825
167	0.00109484126984
160	0.00123
161	0.0205803174603
162	0.00262
163	0.0531573809524
151	0.000697222222222
150	0.011726031746
153	0.0429596825397
152	0.0017126984127
155	0.000461904761905
154	0.0334387301587
157	0.000366666666667
156	0.00736920634921
159	0.0024873015873
158	0.0
146	0.00296246031746
147	0.000640238095238
144	0.00261603174603
145	0.0087753968254
142	0.00314158730159
143	0.00124206349206
140	0.00053746031746
141	0.011716984127
148	0.00011
149	0.00503738095238
