133	0.0326395404096
132	0.0624168367421
131	0.0148404255036
130	0.0708029260147
137	0.00574189955282
136	0.0186531314534
135	0.0013490621325
134	0.00272027071226
139	0.0339252613566
138	0.0428084439919
120	0.000703124000528
121	0.0231353709501
122	0.000901346020139
123	0.00306100771406
124	0.00338489506543
125	0.0577282903879
126	0.00864257163594
127	0.0173480778031
128	0.0163961583542
129	0.0121985631282
199	0.00202504176324
198	0.00454590609153
200	0.0263177559201
195	0.0592836612727
194	0.000266069244382
197	0.000144784017689
196	0.00324388376277
191	0.000626958339698
190	0.00188022770977
193	0.0117237240459
192	0.259971254694
115	0.0204630412207
114	0.0732780824938
117	0.0105719976908
116	0.0719593369154
111	0.0928761876716
110	0.0280070450916
113	0.0150618076361
112	0.00334405384083
119	0.00237546141469
118	0.00738763798525
108	0.00771574762259
109	0.000312532619356
102	0.0259773409866
103	0.0246636535758
101	0.0313330311509
106	0.0626143599177
107	0.0689632861745
104	0.0645851726952
105	0.00270312204697
179	2.19554030875e-05
178	0.00695832068468
177	0.0178591533202
176	0.000610367917012
175	0.184180397947
174	0.113580902345
173	0.108013563454
172	0.0226921550467
171	0.0210763004073
170	0.0138504246974
182	0.00674096918692
183	0.0531380134552
180	0.000612438297342
181	0.0006119272367
186	0.00101057325666
187	3.88950329645e-05
184	0.0434494204197
185	0.016639791847
188	0.00597084450754
189	8.87600988412e-05
168	0.00256672473814
169	0.0419768417983
164	0.0977752395624
165	0.0561026517684
166	0.00650664900716
167	0.00188028922105
160	0.00179584343644
161	0.0418200681472
162	0.00387646296075
163	0.151232711882
151	0.00273069412003
150	0.0191524214526
153	0.111644876886
152	0.00255116812327
155	0.000838420450133
154	0.110029746955
157	0.00102218481784
156	0.0139821247341
159	0.00866137625437
158	1.79054054054e-05
146	0.0112645714336
147	0.00155503288015
144	0.00472162702944
145	0.0165346318603
142	0.00628017613505
143	0.00253514925118
140	0.00123381863942
141	0.0223089828377
148	0.000448314631766
149	0.00715343355209
