133	0.0179916190878
132	0.036482855172
131	0.00749807462919
130	0.0396901349665
137	0.00298259681065
136	0.0135769691695
135	0.000872136547663
134	0.00140460735171
139	0.022821508391
138	0.025325594946
120	0.000472422600619
121	0.0132274805501
122	0.000808045434098
123	0.00165391236215
124	0.00126919100078
125	0.0188642915375
126	0.00541638158711
127	0.0117995239822
128	0.0114604040885
129	0.00631993546873
199	0.00115850005773
198	0.00350304509216
200	0.0151411069357
195	0.0368900240575
194	0.000245642135642
197	9.58008658009e-05
196	0.00250728937729
191	0.000405098039216
190	0.00156297619048
193	0.00824514353895
192	0.116094271598
115	0.0147868765815
114	0.0381496329951
117	0.00672348466893
116	0.0511068711517
111	0.0503746680298
110	0.0195062856244
113	0.00766782110133
112	0.00217892162447
119	0.00154834340754
118	0.00476357337021
108	0.00448882826152
109	0.000246753246753
102	0.0204464549657
103	0.0180467798395
101	0.0240917117841
106	0.0338851668747
107	0.0426581236565
104	0.0450332752344
105	0.00184842861215
179	1.81818181818e-05
178	0.00417970956632
177	0.0104447360036
176	0.000515597735598
175	0.100626218306
174	0.0572263849867
173	0.0545914802105
172	0.0128277673582
171	0.0118067527759
170	0.00959886552302
182	0.00410771374824
183	0.0326664916765
180	0.000556428571429
181	0.000553571428571
186	0.000700588235294
187	2.87179487179e-05
184	0.0289870223567
185	0.0113231864094
188	0.00377413176435
189	6.66666666667e-05
168	0.00183000222
169	0.0224815041503
164	0.055721250174
165	0.028040963487
166	0.00469371664283
167	0.00127077411151
160	0.00139685110211
161	0.0271275570379
162	0.00325360186769
163	0.0795111662057
151	0.0010371422042
150	0.0148503290457
153	0.0650373993164
152	0.00198014103887
155	0.000655515873016
154	0.0509123859354
157	0.000479444444444
156	0.00960861610526
159	0.00422815041855
158	1.25e-05
146	0.00522514357675
147	0.000896584847901
144	0.0031174283173
145	0.0123832634686
142	0.00410866292978
143	0.00144460700634
140	0.000864441362731
141	0.0153041940559
148	0.000179522042285
149	0.0057250749646
