133	0.026525984497
132	0.0513347763364
131	0.0115859167026
130	0.057902961104
137	0.00476089166158
136	0.0171616921397
135	0.00112765290923
134	0.00226222707082
139	0.0290842193992
138	0.0356068167218
120	0.000627430186187
121	0.0193432298127
122	0.000841908178854
123	0.00267309307564
124	0.00238741325153
125	0.0394204094813
126	0.00716263541676
127	0.0151996885221
128	0.0144222023261
129	0.00964570810781
199	0.00152477125303
198	0.00414100888281
200	0.0209368868
195	0.0496758411662
194	0.000261184657636
197	0.000122551127034
196	0.00284344966267
191	0.000540812207418
190	0.00172447937586
193	0.010180023083
192	0.206604731955
115	0.0180969926841
114	0.0563758931439
117	0.00851821167158
116	0.067569339827
111	0.0786419116742
110	0.0241274593365
113	0.0116352682977
112	0.00285256883681
119	0.00197435322111
118	0.00636792636154
108	0.00627625903198
109	0.000291374338433
102	0.0240927157031
103	0.0214777618254
101	0.0282811212538
106	0.0500454971427
107	0.0580930987014
104	0.056005233911
105	0.0023268814512
179	1.81818181818e-05
178	0.00538488518271
177	0.0148166090274
176	0.000576513809566
175	0.156831783559
174	0.0941836166629
173	0.0880877376857
172	0.0194575847847
171	0.0162651308085
170	0.0125894871454
182	0.00550700390483
183	0.0442886477013
180	0.000579870448179
181	0.000561571428571
186	0.000830109767472
187	3.32634032634e-05
184	0.0366855710434
185	0.0143278491891
188	0.0051149190135
189	7.85185185185e-05
168	0.00218921985486
169	0.0340266237213
164	0.0819842594652
165	0.0439840607997
166	0.0056413940766
167	0.00164627587819
160	0.00164120364733
161	0.0350307209205
162	0.0035710573
163	0.123573581736
151	0.0017177239177
150	0.0173630939716
153	0.095698502571
152	0.00234592605374
155	0.000808228142441
154	0.0818738647223
157	0.000761728882765
156	0.0123150846222
159	0.00696341416468
158	1.79054054054e-05
146	0.00852619637348
147	0.00133592054506
144	0.00403542020552
145	0.0153594325211
142	0.00516946712435
143	0.00197625432887
140	0.00103863869694
141	0.0195553100601
148	0.00032111682097
149	0.00664477114947
