133	0.0299616247092
132	0.0579638205665
131	0.0135086459422
130	0.0662938861471
137	0.00538080610778
136	0.0179976137923
135	0.00131375130137
134	0.00255108552707
139	0.0317498767397
138	0.0398827636944
120	0.000669876348226
121	0.0215662999303
122	0.000879466356757
123	0.00284837400165
124	0.00287549753544
125	0.0509388400372
126	0.00804412063381
127	0.0165105053105
128	0.0156453542392
129	0.0110997808172
199	0.00171855812863
198	0.00438915966222
200	0.0236561922663
195	0.0551998121246
194	0.000261184657636
197	0.000140122771076
196	0.00310603448817
191	0.000587730584851
190	0.00183652090609
193	0.0111929248156
192	0.240117467137
115	0.0197599322127
114	0.0668601290744
117	0.00968972247761
116	0.0705907296736
111	0.0876650544746
110	0.0261302621338
113	0.0135447942116
112	0.00317382332203
119	0.00223014214519
118	0.00703247385077
108	0.00711330355313
109	0.000310032619356
102	0.0253139782815
103	0.0232409962904
101	0.0304158541158
106	0.0577779537462
107	0.0643178793265
104	0.0611311827887
105	0.00261396720251
179	2.19554030875e-05
178	0.00625200458823
177	0.0166913629575
176	0.000608095189739
175	0.175999934035
174	0.106206913099
173	0.100931678302
172	0.0212194649561
171	0.0191586804431
170	0.0135884666766
182	0.00614852195233
183	0.0499720715339
180	0.000603347388251
181	0.000586484579936
186	0.00096734663962
187	3.6542091788e-05
184	0.0408365899459
185	0.0157365758541
188	0.00562790299621
189	8.41623976918e-05
168	0.002435754205
169	0.0385724136844
164	0.0910737680096
165	0.0513499763045
166	0.00610831345384
167	0.00179960804161
160	0.00173159845372
161	0.0391943386722
162	0.00370585525052
163	0.141564206579
151	0.00226493130887
150	0.0186087567563
153	0.104290309157
152	0.0024790222327
155	0.000815920450133
154	0.0983174985665
157	0.000933960163635
156	0.0133978076192
159	0.0080340425904
158	1.79054054054e-05
146	0.0100606337337
147	0.00142370337085
144	0.00448928278532
145	0.0158509039469
142	0.00587988458425
143	0.00225484125444
140	0.00114735203054
141	0.0212558125943
148	0.000395172422235
149	0.006927562206
