133	0.0147461904762
132	0.0314187830688
131	0.00783783068783
130	0.0330151322751
137	0.00257682539683
136	0.00686439153439
135	0.000478888888889
134	0.000828412698413
139	0.0260814814815
138	0.0182145502646
120	0.000487936507937
121	0.00743899470899
122	0.00148243386243
123	0.00118338624339
124	0.000928783068783
125	0.0202263492063
126	0.00256227513228
127	0.00943804232804
128	0.00687555555556
129	0.00632423280423
199	0.000551216931217
198	0.00216312169312
200	0.00903195767196
195	0.0292641269841
194	0.000165714285714
197	0.000133703703704
196	0.00249587301587
191	0.000626666666667
190	0.00210402116402
193	0.00617042328042
192	0.0762575661376
115	0.010708042328
114	0.0342584656085
117	0.00558873015873
116	0.0325736507937
111	0.0304191534392
110	0.015993968254
113	0.00633534391534
112	0.00165333333333
119	0.00172772486772
118	0.00388788359788
108	0.00350650793651
109	0.000266666666667
102	0.0165949206349
103	0.0124876719577
101	0.0168686772487
106	0.0235094179894
107	0.0301086243386
104	0.0331034391534
105	0.00158518518519
179	0.000633333333333
178	0.00303931216931
177	0.00642613756614
176	0.000221587301587
175	0.0546729100529
174	0.0336282010582
173	0.0342392063492
172	0.00735650793651
171	0.010724973545
170	0.00559396825397
182	0.00253724867725
183	0.0334795767196
180	0.00051380952381
181	0.000346825396825
186	0.000397354497354
187	0.0
184	0.0200691005291
185	0.0100488888889
188	0.00217275132275
189	4.44444444444e-05
168	0.00249153439153
169	0.0164573544974
164	0.0354851322751
165	0.0236467195767
166	0.00352396825397
167	0.000934497354497
160	0.000927777777778
161	0.0228551851852
162	0.00253312169312
163	0.0407487830688
151	0.000628518518519
150	0.0103294708995
153	0.0422093650794
152	0.00192920634921
155	0.000751058201058
154	0.0365240740741
157	0.000244444444444
156	0.00988216931217
159	0.00186650793651
158	0.000104761904762
146	0.00472666666667
147	0.00134031746032
144	0.00366894179894
145	0.00602931216931
142	0.00347597883598
143	0.00156571428571
140	0.000590052910053
141	0.0209572486772
148	0.000183492063492
149	0.00620931216931
