133	0.0405435822336
132	0.0759596913665
131	0.023183465561
130	0.105324756002
137	0.0064949989791
136	0.0140009688462
135	0.00110201120713
134	0.00263887694471
139	0.0697889415831
138	0.0469284429342
120	0.00104475063117
121	0.021483354389
122	0.00274581663887
123	0.00340840522811
124	0.00368157544064
125	0.099233581197
126	0.00708684844486
127	0.018504326596
128	0.0135631443286
129	0.015859160678
199	0.0016063394731
198	0.00414096590019
200	0.0255687559788
195	0.0843443640698
194	0.000262528708293
197	0.000282498002414
196	0.00388962072896
191	0.000943666978689
190	0.002695331154
193	0.0126241256998
192	0.363389509558
115	0.0209079157427
114	0.091666833316
117	0.0129613975258
116	0.0845661201208
111	0.0995079711072
110	0.0299858698611
113	0.0187809103431
112	0.00336600535378
119	0.00326484556511
118	0.00863204892313
108	0.0083124959018
109	0.000443217503942
102	0.0258650574738
103	0.0226290329057
101	0.0310242572688
106	0.0792872848526
107	0.0855988262382
104	0.063196153543
105	0.00257838200037
179	0.00068297555973
178	0.00844506239063
177	0.0159013023776
176	0.000605312808586
175	0.184608828478
174	0.126293224783
173	0.122109394939
172	0.0247625535449
171	0.0281610115427
170	0.0120277523943
182	0.0063927997097
183	0.077697467086
180	0.000624067791787
181	0.000467669495539
186	0.000857837331244
187	3.56144489135e-05
184	0.045204664759
185	0.0162769795774
188	0.00463529750263
189	6.48471580927e-05
168	0.00582003655909
169	0.0484874770813
164	0.106679991211
165	0.0812135496151
166	0.00567512055547
167	0.00195914386899
160	0.0015576649755
161	0.0472114298764
162	0.00405316349677
163	0.127978137585
151	0.00251346533239
150	0.0187445169092
153	0.126193499748
152	0.0031845672736
155	0.00128552427077
154	0.135134957222
157	0.000946873053773
156	0.0207090764242
159	0.00897729530656
158	0.000212024845837
146	0.0188032271591
147	0.00357252664392
144	0.00734380379055
145	0.0133833271632
142	0.00698824197049
143	0.00315506616165
140	0.00128776436198
141	0.0326379144704
148	0.000721910866328
149	0.00956409314328
