133	0.0212672657425
132	0.0434423514658
131	0.0107898170509
130	0.0539245623239
137	0.00330177483965
136	0.00987962440724
135	0.00064253547622
134	0.00111519632414
139	0.0379886383185
138	0.0254426446469
120	0.00065817730601
121	0.0109523658734
122	0.0019057055615
123	0.00175408378114
124	0.00141572636227
125	0.0349449216842
126	0.00384926684083
127	0.0116293998485
128	0.00889950413364
129	0.00825257446887
199	0.000827744627234
198	0.00289722614216
200	0.0135352690075
195	0.0395047923754
194	0.000233982183394
197	0.000216248196248
196	0.00275411378096
191	0.000698554092966
190	0.00222802018243
193	0.00803803988237
192	0.141827535858
115	0.0135837629576
114	0.0463072888813
117	0.00723290216434
116	0.051391005795
111	0.0470104866547
110	0.0195510327621
113	0.00869298754279
112	0.00218389989783
119	0.00210772601438
118	0.00506800870612
108	0.00456329226444
109	0.000320057720058
102	0.0199071580283
103	0.0149153895938
101	0.0211021515
106	0.0358446351012
107	0.0456679343183
104	0.0419304391223
105	0.00176928379212
179	0.000663867243867
178	0.00393992428796
177	0.00878006995699
176	0.000392854630749
175	0.0894903654292
174	0.0573009442409
173	0.0552448719747
172	0.0121025987354
171	0.0146948011443
170	0.00779440474902
182	0.00336404624214
183	0.0449335977192
180	0.000540607287449
181	0.00039126984127
186	0.000510445066916
187	1.91452991453e-05
184	0.0275380132784
185	0.0116391422349
188	0.00272944058751
189	4.44444444444e-05
168	0.00328351634663
169	0.0244821643034
164	0.0555635013673
165	0.0376260938563
166	0.00408350031232
167	0.00115001031648
160	0.0011152615221
161	0.0305768790125
162	0.00308971783634
163	0.0619033177303
151	0.000946031789561
150	0.0131170272446
153	0.0662468290424
152	0.00224633517841
155	0.000972055352055
154	0.0570493436789
157	0.000339980506823
156	0.0135958577101
159	0.00345526949143
158	0.000153975215817
146	0.00910142814243
147	0.00182747983928
144	0.00482239891687
145	0.00880777095282
142	0.00430566607341
143	0.00191043517427
140	0.000842245066595
141	0.024948887532
148	0.00031978161215
149	0.00725435095578
