133	0.0319464442434
132	0.0614802019946
131	0.0172165127316
130	0.0842503717077
137	0.00515461496199
136	0.012725555774
135	0.000833372287548
134	0.00191059710131
139	0.0554101692913
138	0.0373823745851
120	0.000901594957875
121	0.0168447714513
122	0.00230511969344
123	0.00275843831264
124	0.00260600782217
125	0.0689391773667
126	0.00537270560493
127	0.015729003603
128	0.0114673916533
129	0.0123936898323
199	0.0011642935352
198	0.00363717210813
200	0.019620720015
195	0.0620388337085
194	0.000250211047186
197	0.000258286186993
196	0.00323894113315
191	0.000827491299562
190	0.00244488617665
193	0.0103352726314
192	0.272592512704
115	0.0178307384726
114	0.0692715659171
117	0.00983765769655
116	0.0743663510806
111	0.0776003261555
110	0.0253462062358
113	0.0138320723674
112	0.00280454488371
119	0.00266080479524
118	0.00723565116481
108	0.00651211788704
109	0.000378317143023
102	0.0236095336839
103	0.0191963755268
101	0.026714457084
106	0.0584852929356
107	0.0682916423522
104	0.0535904041148
105	0.00221573349476
179	0.00068045983646
178	0.00583575683275
177	0.0126634067603
176	0.000571495792375
175	0.147441051054
174	0.098736999268
173	0.0935557836349
172	0.0194778104575
171	0.0214994749914
170	0.010631577498
182	0.0049398060557
183	0.0628590360793
180	0.00057873951394
181	0.000407950692334
186	0.000667186420555
187	2.53502053502e-05
184	0.0371629528666
185	0.0141393157008
188	0.00377985921867
189	5.80194378776e-05
168	0.00456757040525
169	0.0376677944148
164	0.0857822492707
165	0.0613943244705
166	0.00494797045194
167	0.00163765067311
160	0.00138784395121
161	0.0394256454564
162	0.00361547628535
163	0.100460241704
151	0.00158270609514
150	0.0166680305388
153	0.103962341048
152	0.0026612117464
155	0.00123264443703
154	0.0943789332103
157	0.000643211768125
156	0.0180238614846
159	0.00645193598346
158	0.000199920785447
146	0.0144238154178
147	0.00282768827237
144	0.00635328865095
145	0.0120936955871
142	0.00549952451739
143	0.00250874621498
140	0.00108802312736
141	0.029575342124
148	0.000543709742316
149	0.00869610970963
