100	1	0.0992805736123
100	10	0.228282412821
100	15	0.21228109584
100	20	0.20408423708
100	3	0.0915552812596
100	5	0.183010269514
10	1	0.246341578945
10	10	0.44376879861
10	15	0.484114754117
10	20	0.448979486267
10	3	0.417034111027
10	5	0.426875510241
1	1	0.0989378677157
1	10	0.0792880105666
1	15	0.0792880105666
1	20	0.0792880105666
1	3	0.0443363860078
1	5	0.0725058497745
20	1	0.151070468427
20	10	0.491864840846
20	15	0.507335763539
20	20	0.503791419921
20	3	0.365877675263
20	5	0.440977170475
500	1	0.0187227299292
500	10	-0.0679717593414
500	15	-0.0882096478074
500	20	-0.0888513335155
500	3	-0.0381826247924
500	5	-0.0141805396848
50	1	0.153512928397
50	10	0.338678411388
50	15	0.323524461378
50	20	0.311358090066
50	3	0.249808327194
50	5	0.299978785608
75	1	0.151202474158
75	10	0.274070101698
75	15	0.273239947896
75	20	0.284802243546
75	3	0.191804082448
75	5	0.233900112882
