100	1	0.0258541522758
100	10	0.185849114433
100	15	0.157609790506
100	20	0.162218221592
100	3	0.119197163411
100	5	0.156576311771
10	1	0.224278457599
10	10	0.284271682983
10	15	0.262070677365
10	20	0.264044450703
10	3	0.223662143461
10	5	0.281737656124
1	1	0.125005380857
1	10	0.0940715088359
1	15	0.110018521126
1	20	0.0515570231628
1	3	0.055392351188
1	5	0.0517010113265
20	1	0.120677288812
20	10	0.184093010722
20	15	0.204402956139
20	20	0.21073367467
20	3	0.181573025735
20	5	0.207291096835
500	1	-0.00700817292609
500	10	0.0183922616107
500	15	0.0667080231279
500	20	0.0706393283532
500	3	-0.0453855220829
500	5	-0.00930909986024
50	1	0.0697138547036
50	10	0.18862197758
50	15	0.177064340199
50	20	0.201254243605
50	3	0.120341032342
50	5	0.179079548435
75	1	0.0693286272299
75	10	0.219570871392
75	15	0.218644636096
75	20	0.200864511599
75	3	0.156520945715
75	5	0.202600445563
