100	1	0.127173870124
100	10	0.353044651443
100	15	0.369111249176
100	20	0.37332897941
100	3	0.32821960967
100	5	0.382111603752
10	1	0.264576925765
10	10	0.309976767718
10	15	0.333231864049
10	20	0.301785895484
10	3	0.333726980566
10	5	0.397178062367
1	1	0.0707746949825
1	10	0.039606422517
1	15	-0.0785912392684
1	20	-0.0785912392684
1	3	0.0908399276502
1	5	0.0876757558282
20	1	0.294866122616
20	10	0.340448970291
20	15	0.331943168097
20	20	0.323639896792
20	3	0.401878360103
20	5	0.308497340506
500	1	0.101708482087
500	10	0.217813983857
500	15	0.235270606262
500	20	0.242363016843
500	3	0.202428970678
500	5	0.178061782313
50	1	0.213620879055
50	10	0.372225445691
50	15	0.357710611503
50	20	0.3849676018
50	3	0.403941824015
50	5	0.368498209293
75	1	0.193073127813
75	10	0.357757770804
75	15	0.394795881288
75	20	0.42146551351
75	3	0.397322858947
75	5	0.391207557819
