100	1	0.0118793542122
100	10	0.195477719779
100	15	0.18589035874
100	20	0.185006349268
100	3	0.0580747190638
100	5	0.151847356979
10	1	0.156678632094
10	10	0.428186550153
10	15	0.477551211073
10	20	0.439789597347
10	3	0.375625758805
10	5	0.445041446891
1	1	0.0379500135728
1	10	0.0992000409688
1	15	0.0992000409688
1	20	0.0992000409688
1	3	0.0774821550984
1	5	0.118417670788
20	1	0.0655211692063
20	10	0.471666935632
20	15	0.492580472385
20	20	0.472013558598
20	3	0.337808481717
20	5	0.418863773977
500	1	0.0025078653447
500	10	-0.060415216148
500	15	-0.0928249004786
500	20	-0.0930524304182
500	3	-0.0508409140003
500	5	0.00893425592078
50	1	0.0614915187451
50	10	0.306053651385
50	15	0.295807803393
50	20	0.284387900822
50	3	0.15275231662
50	5	0.263911994455
75	1	0.0620464815587
75	10	0.254732467322
75	15	0.259830874143
75	20	0.251453731517
75	3	0.114136829629
75	5	0.22102629891
