100	100	1	0.173418652798
100	100	10	0.214783184165
100	100	100	0.0252897666347
100	100	20	0.185800507171
100	100	5	0.192006165788
100	100	50	0.0837757815656
100	100	75	0.0485211419574
100	10	1	0.395708917463
100	10	10	0.486047130392
100	10	100	0.311475184413
100	10	20	0.467073896619
100	10	5	0.471586314158
100	10	50	0.380559818904
100	10	75	0.339736170674
100	1	1	0.0205205783154
100	1	10	0.475863975952
100	1	100	0.350411946143
100	1	20	0.49646580384
100	1	5	0.474394501204
100	1	50	0.418113645916
100	1	75	0.377585521333
100	20	1	0.352445395583
100	20	10	0.427787548731
100	20	100	0.237271660188
100	20	20	0.399836368104
100	20	5	0.416391379776
100	20	50	0.308585483915
100	20	75	0.26531669517
100	50	1	0.263208119924
100	50	10	0.32220438817
100	50	100	0.117835682144
100	50	20	0.297328803923
100	50	5	0.306997946073
100	50	50	0.184427307853
100	50	75	0.147412871414
100	5	1	0.397128197371
100	5	10	0.504722933461
100	5	100	0.356058633691
100	5	20	0.497344305074
100	5	5	0.476415368346
100	5	50	0.421427128987
100	5	75	0.381740519382
100	75	1	0.202211991872
100	75	10	0.257870136171
100	75	100	0.0578735818803
100	75	20	0.230311794122
100	75	5	0.231302174337
100	75	50	0.125281683895
100	75	75	0.0859116065078
10	100	1	0.193125958801
10	100	10	0.228697786313
10	100	5	0.206656585005
10	10	1	0.384046783382
10	10	10	0.485692855927
10	10	5	0.456562730722
10	1	1	0.0205205783154
10	1	10	0.447215376377
10	1	5	0.440534394604
10	20	1	0.344570400321
10	20	10	0.428497537407
10	20	5	0.411597716667
10	50	1	0.273088358393
10	50	10	0.329637529173
10	50	5	0.31545707587
10	5	1	0.390571157573
10	5	10	0.500509381343
10	5	5	0.460325235523
10	75	1	0.215043744844
10	75	10	0.269956473282
10	75	5	0.243668999791
1	100	1	0.0794153110796
1	10	1	0.119166045437
1	1	1	0.0382620937467
1	20	1	0.119166045437
1	50	1	0.128208139481
1	5	1	0.0227782419838
1	75	1	0.0794153110796
20	100	1	0.173418652798
20	100	10	0.214783184165
20	100	20	0.185800507171
20	100	5	0.192006165788
20	10	1	0.395708917463
20	10	10	0.486047130392
20	10	20	0.467073896619
20	10	5	0.471586314158
20	1	1	0.0205205783154
20	1	10	0.475863975952
20	1	20	0.49646580384
20	1	5	0.474394501204
20	20	1	0.352445395583
20	20	10	0.427787548731
20	20	20	0.399836368104
20	20	5	0.416391379776
20	50	1	0.263208119924
20	50	10	0.32220438817
20	50	20	0.297328803923
20	50	5	0.306997946073
20	5	1	0.397128197371
20	5	10	0.504722933461
20	5	20	0.497344305074
20	5	5	0.476415368346
20	75	1	0.202211991872
20	75	10	0.257870136171
20	75	20	0.230311794122
20	75	5	0.231302174337
50	100	1	0.173418652798
50	100	10	0.214783184165
50	100	20	0.185800507171
50	100	5	0.192006165788
50	100	50	0.0837757815656
50	10	1	0.395708917463
50	10	10	0.486047130392
50	10	20	0.467073896619
50	10	5	0.471586314158
50	10	50	0.380559818904
50	1	1	0.0205205783154
50	1	10	0.475863975952
50	1	20	0.49646580384
50	1	5	0.474394501204
50	1	50	0.418113645916
50	20	1	0.352445395583
50	20	10	0.427787548731
50	20	20	0.399836368104
50	20	5	0.416391379776
50	20	50	0.308585483915
50	50	1	0.263208119924
50	50	10	0.32220438817
50	50	20	0.297328803923
50	50	5	0.306997946073
50	50	50	0.184427307853
50	5	1	0.397128197371
50	5	10	0.504722933461
50	5	20	0.497344305074
50	5	5	0.476415368346
50	5	50	0.421427128987
50	75	1	0.202211991872
50	75	10	0.257870136171
50	75	20	0.230311794122
50	75	5	0.231302174337
50	75	50	0.125281683895
5	100	1	0.186917262613
5	100	5	0.209059228867
5	10	1	0.336318078253
5	10	5	0.439733730535
5	1	1	0.0205205783154
5	1	5	0.398447917261
5	20	1	0.311784711248
5	20	5	0.416853944636
5	50	1	0.259351309108
5	50	5	0.321378034138
5	5	1	0.357954193479
5	5	5	0.426171931028
5	75	1	0.203696648793
5	75	5	0.246497778722
75	100	1	0.173418652798
75	100	10	0.214783184165
75	100	20	0.185800507171
75	100	5	0.192006165788
75	100	50	0.0837757815656
75	100	75	0.0485211419574
75	10	1	0.395708917463
75	10	10	0.486047130392
75	10	20	0.467073896619
75	10	5	0.471586314158
75	10	50	0.380559818904
75	10	75	0.339736170674
75	1	1	0.0205205783154
75	1	10	0.475863975952
75	1	20	0.49646580384
75	1	5	0.474394501204
75	1	50	0.418113645916
75	1	75	0.377585521333
75	20	1	0.352445395583
75	20	10	0.427787548731
75	20	20	0.399836368104
75	20	5	0.416391379776
75	20	50	0.308585483915
75	20	75	0.26531669517
75	50	1	0.263208119924
75	50	10	0.32220438817
75	50	20	0.297328803923
75	50	5	0.306997946073
75	50	50	0.184427307853
75	50	75	0.147412871414
75	5	1	0.397128197371
75	5	10	0.504722933461
75	5	20	0.497344305074
75	5	5	0.476415368346
75	5	50	0.421427128987
75	5	75	0.381740519382
75	75	1	0.202211991872
75	75	10	0.257870136171
75	75	20	0.230311794122
75	75	5	0.231302174337
75	75	50	0.125281683895
75	75	75	0.0859116065078
