498	0.00252525252525
499	0.001443001443
494	0.0
495	0.0
496	0.00252525252525
497	0.00252525252525
490	0.00505050505051
491	0.0
492	0.001443001443
493	0.0
542	0.0
543	0.0
540	0.0
541	0.0
546	0.0
547	0.0
544	0.0
545	0.0
548	0.0010101010101
549	0.0
537	0.0
536	0.0
535	0.0
534	0.0
533	0.00505050505051
532	0.00505050505051
530	0.0
539	0.0
538	0.00505050505051
524	0.0
525	0.0
526	0.0
527	0.003367003367
520	0.00126262626263
521	0.0
522	0.0
523	0.0
528	0.010101010101
529	0.0
519	0.0
518	0.0
511	0.0
510	0.0
513	0.001443001443
512	0.0
515	0.00126262626263
514	0.0
517	0.0
516	0.0
458	0.0020202020202
459	0.003367003367
451	0.0
452	0.0
453	0.010101010101
454	0.0
455	0.00505050505051
456	0.0
457	0.010101010101
508	0.0
509	0.010101010101
506	0.010101010101
507	0.0
504	0.0
505	0.010101010101
502	0.0
503	0.0
500	0.0010101010101
501	0.0
469	0.0
468	0.00252525252525
465	0.0
464	0.0016835016835
467	0.0
466	0.001443001443
461	0.00505050505051
460	0.0
463	0.0
462	0.001443001443
550	0.0
489	0.0
488	0.001443001443
487	0.0
486	0.0
485	0.003367003367
484	0.0
483	0.0
482	0.0
481	0.0
480	0.0
472	0.010101010101
473	0.0
470	0.003367003367
471	0.0
476	0.010101010101
477	0.0
474	0.0
475	0.0
478	0.0
479	0.0
