498	0.0299528513591
499	0.0351533315518
494	0.00716910538895
495	0.0
496	0.0246707271302
497	0.0264162411267
490	0.00973485659718
491	0.000512988124698
492	0.0476475582796
493	0.00132017377719
542	0.000247109736954
543	0.00595264034155
540	0.0050145539255
541	0.011409415617
546	0.0280402320521
547	0.0118262279351
544	0.00257582657
545	0.00798245012978
548	0.023940499639
549	0.00462756122495
537	0.00880678442176
536	0.00421595442626
535	0.024538751326
534	0.0
533	0.0117262885398
532	0.0286923609538
530	0.00295435095484
539	0.00129571673537
538	0.0305786236942
524	0.0
525	0.00687817952275
526	0.00408463124275
527	0.0349946620259
520	0.00656527970283
521	0.0
522	0.000982969550217
523	0.0
528	0.0172580516024
529	0.0102350871816
519	0.000220725776281
518	0.0017058367284
511	0.0187085008776
510	0.0102506098515
513	0.017082329052
512	0.00937313973032
515	0.0192620807796
514	0.0215933780757
517	0.000433930761635
516	0.0221464968395
458	0.0565217079506
459	0.0263699467015
451	0.0138411934257
452	0.00485294770374
453	0.0168759339016
454	0.0252499568057
455	0.0186057058835
456	0.0
457	0.00200030445552
508	0.00318977318977
509	0.0193844124872
506	0.0173473205243
507	0.00200649256317
504	0.0119757654014
505	0.00733525379114
502	0.00467730190339
503	0.0038261404505
500	0.0232411585961
501	0.0043597077826
469	0.0021880684237
468	0.0238504937175
465	0.0239716571599
464	0.0070294932675
467	0.0124172042528
466	0.000843802661984
461	0.0134263351887
460	0.0020048766499
463	0.0
462	0.00897884317953
550	0.0143230790685
489	0.00849029031728
488	0.00842316026277
487	0.0263413093499
486	0.00483413076332
485	0.0458734647769
484	0.000642169121534
483	0.000935639329359
482	0.00192365262165
481	0.00651149420803
480	0.00607786477121
472	0.00124192866617
473	0.000533136685148
470	0.022379313799
471	0.00283000400119
476	0.0357512418967
477	0.00370436549507
474	0.00188226787333
475	0.001112162101
478	0.00244836155911
479	0.00287634604763
