498	0.0266565424061
499	0.0282376188995
494	0.00616606628475
495	0.0
496	0.0216839188408
497	0.0242812000009
490	0.00827250492885
491	0.000495867768595
492	0.0434300716119
493	0.00115369380075
542	0.00020202020202
543	0.00547378547379
540	0.0044330734243
541	0.00727278778527
546	0.022785775161
547	0.0106381581382
544	0.00102140460992
545	0.00628482628483
548	0.0203504738773
549	0.00402964481912
537	0.00878841894885
536	0.00382686514265
535	0.0225782396616
534	0.0
533	0.0107276225458
532	0.0237942758518
530	0.00263206292618
539	0.0011544011544
538	0.0261208000424
524	0.0
525	0.00608841288666
526	0.00327175069599
527	0.0304336805613
520	0.00601851851852
521	0.0
522	0.00065289648623
523	0.0
528	0.0147147732442
529	0.00766612773192
519	0.00020202020202
518	0.00112233445567
511	0.0157160824585
510	0.00832589113291
513	0.0138078869684
512	0.00591761179996
515	0.0172712927099
514	0.0186038697224
517	0.0001443001443
516	0.018152958153
458	0.0517043531083
459	0.0209630368823
451	0.0121496924129
452	0.00470068651887
453	0.0141241462122
454	0.0212730814937
455	0.0163713447047
456	0.0
457	0.0014898989899
508	0.00290404040404
509	0.0176014336063
506	0.0135682320723
507	0.00185435116808
504	0.0110089692443
505	0.00669720076583
502	0.00316416526943
503	0.00290764790765
500	0.0211121417421
501	0.0040404040404
469	0.00211840628507
468	0.0206139231139
465	0.0211931703999
464	0.0060972817268
467	0.0111807029209
466	0.000766102584284
461	0.0126758674085
460	0.00140695905402
463	0.0
462	0.00759941477598
550	0.00983583461255
489	0.00749508011282
488	0.0078342953343
487	0.0214605988111
486	0.0044603502558
485	0.042328058222
484	0.000505050505051
483	0.00010101010101
482	0.00130394857668
481	0.00511781668832
480	0.0050490743234
472	0.00108225108225
473	0.00033950617284
470	0.0202432683962
471	0.00209934252715
476	0.0338365983063
477	0.00311068074226
474	0.000571388488055
475	0.000600005907023
478	0.00208524640343
479	0.0020621418867
