498	0.0135674202341
499	0.0275641333975
494	0.011483686067
495	0.0
496	0.0144845278179
497	0.018651996152
490	0.00571588904922
491	0.000673400673401
492	0.0439011143178
493	0.0021645021645
542	0.000837542087542
543	0.00704244829245
540	0.00419171877505
541	0.0100358746192
546	0.0266668670835
547	0.00671837421837
544	0.0100913900914
545	0.00342171717172
548	0.0189191518358
549	0.00315095398429
537	0.00454545454545
536	0.00223063973064
535	0.0224905804072
534	0.0
533	0.00794672919673
532	0.0247725268559
530	0.00138888888889
539	0.00167829084496
538	0.0242297979798
524	0.0
525	0.00610650152317
526	0.00152116402116
527	0.0236197290364
520	0.00694163860831
521	0.0
522	0.00446849446849
523	0.000252525252525
528	0.0124873737374
529	0.00902777777778
519	0.000690235690236
518	0.00172558922559
511	0.0168859227193
510	0.00463303671637
513	0.0139786756453
512	0.011908970659
515	0.0280164742665
514	0.021218334135
517	0.000745550745551
516	0.017525653359
458	0.0590307840308
459	0.0138594276094
451	0.00618406285073
452	0.00438311688312
453	0.0173843594677
454	0.0220630912298
455	0.0131615760782
456	0.0
457	0.00141414141414
508	0.00387205387205
509	0.0133239137406
506	0.0175849767516
507	0.00241301907969
504	0.00649270482604
505	0.00365881032548
502	0.00243686868687
503	0.00142857142857
500	0.0115808882476
501	0.00432098765432
469	0.00291005291005
468	0.0222625060125
465	0.0268300064133
464	0.00801006092673
467	0.00656565656566
466	0.000396825396825
461	0.00524410774411
460	0.00313492063492
463	0.0
462	0.0149611191278
550	0.0136065015232
489	0.00676106301106
488	0.00555194805195
487	0.0184892576559
486	0.0116398108065
485	0.0375801667468
484	0.00107744107744
483	5.05050505051e-05
482	0.00286455828122
481	0.0048891694725
480	0.00479918229918
472	0.00173400673401
473	0.000408249158249
470	0.0145484607985
471	0.00208193041526
476	0.0217706830207
477	0.00597482764149
474	0.00231581689915
475	6.31313131313e-05
478	0.000904882154882
479	0.0108958633959
