498	0.0213596956768
499	0.0569304276333
494	0.0186445256763
495	0.0
496	0.0302404878119
497	0.0383809482669
490	0.0116750589235
491	0.000879532354879
492	0.0740409442322
493	0.00247434377273
542	0.00104051106237
543	0.00994641422405
540	0.00589937304887
541	0.0239673396364
546	0.0472082471006
547	0.00954578289267
544	0.0180593773405
545	0.00694189841867
548	0.0408572902961
549	0.00464296969857
537	0.00816902125092
536	0.00300381132322
535	0.0321600071085
534	0.0
533	0.0125422359583
532	0.0513768780446
530	0.00213284207294
539	0.00301680788089
538	0.0386515341023
524	0.0
525	0.011239055948
526	0.00498990450873
527	0.0379209392651
520	0.00972302846042
521	0.0
522	0.00673086583951
523	0.00031806333126
528	0.020149754676
529	0.0158097304346
519	0.000975359987858
518	0.00318573170076
511	0.0257848793231
510	0.0069420136964
513	0.027785558795
512	0.0217417712022
515	0.0440580681496
514	0.0399730378188
517	0.00329051431334
516	0.031505807278
458	0.107229851937
459	0.0274048014424
451	0.00866701423232
452	0.0058577553296
453	0.0319546722937
454	0.0402800028691
455	0.0195339893867
456	0.0
457	0.00258894576408
508	0.00460389714447
509	0.0251364066526
506	0.0378397208544
507	0.00327280840918
504	0.00899035301964
505	0.00545440720447
502	0.00564671624157
503	0.00253763791159
500	0.0205678664911
501	0.00522495589945
469	0.00397819425288
468	0.0406766443349
465	0.0496659924735
464	0.0108365609559
467	0.0122729064724
466	0.00065996413399
461	0.00705646989843
460	0.00639022864509
463	0.0
462	0.0265458504816
550	0.0279361100212
489	0.01347111279
488	0.00929144086996
487	0.0407641268039
486	0.0193867533174
485	0.0610943486158
484	0.0013340917914
483	0.000599327984594
482	0.00545321206613
481	0.00971265458388
480	0.00857478918238
472	0.00234243249197
473	0.000748549792627
470	0.0242929796461
471	0.00489843272694
476	0.0348880907822
477	0.0138364993986
474	0.00635742896588
475	0.000640643323864
478	0.00231524008045
479	0.0181099433348
