498	0.00685425685426
499	0.0167708834376
494	0.0025974025974
495	0.0
496	0.024632034632
497	0.0164646464646
490	0.00295334295334
491	0.000673400673401
492	0.010493025493
493	0.0020202020202
542	0.0
543	0.00141414141414
540	0.00347923681257
541	0.00416065416065
546	0.0132323232323
547	0.00154882154882
544	0.00020202020202
545	0.000252525252525
548	0.0140644540645
549	0.00252525252525
537	0.0040404040404
536	0.00521885521886
535	0.0114197530864
534	0.0
533	0.00727272727273
532	0.0122574955908
530	0.0
539	0.0023088023088
538	0.0216931216931
524	0.0
525	0.00152316818983
526	0.0022607022607
527	0.012278338945
520	0.00393217893218
521	0.0
522	0.0
523	0.0
528	0.0101907968575
529	0.00107744107744
519	0.0
518	0.0
511	0.00765993265993
510	0.00616883116883
513	0.00827320827321
512	0.00778900112233
515	0.00185185185185
514	0.00373977873978
517	0.0
516	0.0155988455988
458	0.0225853775854
459	0.0184944684945
451	0.012177328844
452	0.0012987012987
453	0.00951178451178
454	0.010684624018
455	0.0159259259259
456	0.0
457	0.00272727272727
508	0.00530303030303
509	0.0143819143819
506	0.00639730639731
507	0.0
504	0.00606060606061
505	0.00951178451178
502	0.00143097643098
503	0.0
500	0.0182547699214
501	0.0020202020202
469	0.0
468	0.00537037037037
465	0.00787878787879
464	0.0047138047138
467	0.00282828282828
466	0.000981240981241
461	0.0173400673401
460	0.0002886002886
463	0.0
462	0.00200016033349
550	0.00941798941799
489	0.0003367003367
488	0.0002886002886
487	0.0156100689434
486	0.0
485	0.01632996633
484	0.0
483	0.00020202020202
482	0.0020202020202
481	0.00316498316498
480	0.000865800865801
472	0.0020202020202
473	0.00020202020202
470	0.0147811447811
471	0.00107744107744
476	0.016430976431
477	0.00448933782267
474	0.000224466891134
475	0.0
478	0.0010101010101
479	0.00040404040404
