498	0.00828142263549
499	0.0185019253002
494	0.0029341029341
495	0.0
496	0.024632034632
497	0.0177974186308
490	0.00384581133807
491	0.000808080808081
492	0.0141772873591
493	0.00218855218855
542	0.0
543	0.00161616161616
540	0.00347923681257
541	0.00612068396382
546	0.0146697746698
547	0.0029797979798
544	0.00035742035742
545	0.000252525252525
548	0.0150448462213
549	0.00252525252525
537	0.00477502295684
536	0.00521885521886
535	0.0120672537339
534	0.0
533	0.00764003673095
532	0.0155716564901
530	0.0
539	0.0023088023088
538	0.0221420554754
524	0.0
525	0.0016354016354
526	0.00349527016194
527	0.0142985409652
520	0.00393217893218
521	0.0
522	0.0
523	0.0
528	0.0105015971683
529	0.00107744107744
519	0.0
518	0.000112233445567
511	0.00873136123136
510	0.00638148401306
513	0.0089962279436
512	0.00846240179574
515	0.00185185185185
514	0.00463458539216
517	0.0
516	0.0155988455988
458	0.0272092137882
459	0.0193777956936
451	0.0131798351097
452	0.0017316017316
453	0.011677026677
454	0.012758301974
455	0.0167376142376
456	0.0
457	0.0029797979798
508	0.00530303030303
509	0.0148481148481
506	0.00768518518519
507	0.0
504	0.00620490620491
505	0.00951178451178
502	0.00195442958601
503	0.00010101010101
500	0.0191911175245
501	0.0020202020202
469	0.000112233445567
468	0.00796752630086
465	0.00810325476992
464	0.00504529297099
467	0.0045047109753
466	0.00153220516857
461	0.0173400673401
460	0.0002886002886
463	0.0
462	0.00269235608151
550	0.00997915664582
489	0.0003367003367
488	0.0002886002886
487	0.0177800945584
486	0.00010101010101
485	0.019383702717
484	0.0
483	0.00020202020202
482	0.00220385674931
481	0.00369849162419
480	0.00100048100048
472	0.0021645021645
473	0.00020202020202
470	0.0167095194368
471	0.00168242136157
476	0.016430976431
477	0.0047019906669
474	0.000639329805996
475	0.000627916592829
478	0.00137741046832
479	0.000510366826156
