498	0.00965379692322
499	0.0199551653343
494	0.00315856982524
495	0.0
496	0.0249958882217
497	0.0179211044687
490	0.00449502698729
491	0.000808080808081
492	0.0149734909013
493	0.00218855218855
542	0.0
543	0.00186075526059
540	0.0035241301908
541	0.00702718487032
546	0.0154393754394
547	0.00395643808687
544	0.000534456898093
545	0.000791994217042
548	0.0169100631159
549	0.00265755265755
537	0.00477502295684
536	0.00521885521886
535	0.0125089343343
534	0.0
533	0.00782369146006
532	0.0170730451583
530	0.0
539	0.0023088023088
538	0.0227854643541
524	0.0
525	0.00181319504337
526	0.00349527016194
527	0.0162390934434
520	0.00409597909598
521	0.0
522	0.0
523	0.0
528	0.0114386369986
529	0.0014072699787
519	0.0
518	0.000539546499142
511	0.00878747795414
510	0.00753317571425
513	0.00961424416445
512	0.00974746692633
515	0.00185185185185
514	0.00491236316994
517	6.51678071033e-05
516	0.0166949172832
458	0.0276902142692
459	0.0200489789889
451	0.0142603169947
452	0.00181943660205
453	0.0118552797965
454	0.0141920577752
455	0.0174046744501
456	0.0
457	0.00317530140111
508	0.00530303030303
509	0.0150725817392
506	0.00830719475456
507	0.0
504	0.00652152027278
505	0.00951178451178
502	0.0028450443151
503	0.00010101010101
500	0.0197632726421
501	0.00209502431725
469	0.000112233445567
468	0.00942251417296
465	0.00862934904602
464	0.00542084334654
467	0.00456784228843
466	0.00153220516857
461	0.0175925925926
460	0.00053805132066
463	0.0
462	0.00306300939334
550	0.0106431127095
489	0.0003367003367
488	0.000349818531637
487	0.0184255661716
486	0.000188844971454
485	0.019383702717
484	0.0
483	0.000899390464608
482	0.002640852504
481	0.00428140957019
480	0.00113081661469
472	0.0021645021645
473	0.00020202020202
470	0.0173443260005
471	0.00168242136157
476	0.0165228037955
477	0.0048913846063
474	0.00100754202172
475	0.00125321721813
478	0.00137741046832
479	0.000669930143614
