498	0.0102149115054
499	0.0200794854587
494	0.0031874298541
495	0.0
496	0.0249958882217
497	0.018079551686
490	0.00449502698729
491	0.000808080808081
492	0.0149734909013
493	0.00221700573813
542	9.01790698673e-05
543	0.00186075526059
540	0.00361882716049
541	0.00747431780538
546	0.0157512486593
547	0.00407887457295
544	0.000534456898093
545	0.000791994217042
548	0.0171768208705
549	0.00265755265755
537	0.00477502295684
536	0.00527420321941
535	0.0127724082342
534	0.0
533	0.00782369146006
532	0.0171775383662
530	0.0
539	0.0023088023088
538	0.0229117269804
524	0.0
525	0.00205266260314
526	0.00349527016194
527	0.0162390934434
520	0.00420821254155
521	0.0
522	3.48310693138e-05
523	0.0
528	0.0114386369986
529	0.00148209227574
519	0.0
518	0.000539546499142
511	0.00895055933928
510	0.00780200365106
513	0.00988083203667
512	0.0105526170529
515	0.00185185185185
514	0.00491236316994
517	0.000127327869263
516	0.0166949172832
458	0.0276902142692
459	0.0205522889753
451	0.0145539195068
452	0.00181943660205
453	0.0120261552173
454	0.0141920577752
455	0.0178243723442
456	0.0
457	0.00330777366473
508	0.00530303030303
509	0.0151863959376
506	0.00830719475456
507	0.0
504	0.00652152027278
505	0.00951178451178
502	0.00302541949547
503	0.00010101010101
500	0.0197632726421
501	0.00215358089754
469	0.000112233445567
468	0.00956681431726
465	0.00862934904602
464	0.00553103618401
467	0.00456784228843
466	0.00153220516857
461	0.0177750097561
460	0.000569616977226
463	0.0
462	0.00306300939334
550	0.0108729038827
489	0.0003367003367
488	0.000349818531637
487	0.0185678339195
486	0.000188844971454
485	0.019383702717
484	8.57671280206e-05
483	0.00103968227157
482	0.002640852504
481	0.00428140957019
480	0.00113081661469
472	0.0021645021645
473	0.000279749025587
470	0.0176551263113
471	0.00178177555928
476	0.0165228037955
477	0.00498184141317
474	0.0014813274955
475	0.00125321721813
478	0.00145821854913
479	0.000738411568028
