498	0.0062126022126
499	0.0397331248998
494	0.0185351130351
495	0.0
496	0.0207410614077
497	0.0283308481642
490	0.00904329004329
491	0.000927529260863
492	0.0253771845439
493	0.00150216450216
542	0.00106004489338
543	0.00943650793651
540	0.00378266794933
541	0.0426981721982
546	0.0327586179253
547	0.00496705146705
544	0.012671957672
545	0.00367364117364
548	0.0301148789482
549	0.00320795254129
537	0.00306814173481
536	0.00140684624018
535	0.0236451819785
534	0.0
533	0.00889890973224
532	0.0239951899952
530	0.00319031585698
539	0.00122422639089
538	0.0244416386083
524	0.00145791245791
525	0.0116446208113
526	0.00342231842232
527	0.0176050986051
520	0.00644484527818
521	2.52525252525e-05
522	0.00493346160013
523	0.0010784030784
528	0.00935281385281
529	0.0159878948212
519	0.00109668109668
518	0.00249182299182
511	0.0124874939875
510	0.00480407247074
513	0.0160799262466
512	0.0127112393779
515	0.0174688953022
514	0.0315408850409
517	0.00127649510983
516	0.017430335097
458	0.0497417829084
459	0.0122809844477
451	0.00419945486612
452	0.00280166746833
453	0.0239378707712
454	0.0166024531025
455	0.00983613916947
456	0.0
457	0.00693081609748
508	0.00551803751804
509	0.0188205868206
506	0.0149106140773
507	0.00312682379349
504	0.00845149911817
505	0.00228114478114
502	0.00182491582492
503	0.00201635401635
500	0.0125917107584
501	0.00238496071829
469	0.00791911175245
468	0.0319093314093
465	0.0340165945166
464	0.00584223184223
467	0.00590460157127
466	0.000827561327561
461	0.00216498316498
460	0.00494492544493
463	0.0
462	0.0101256212923
550	0.0161728395062
489	0.00706116722783
488	0.00591061407728
487	0.0294343434343
486	0.0142392977393
485	0.0284558281225
484	0.000430976430976
483	2.0202020202e-05
482	0.00794107744108
481	0.00356052589386
480	0.00329958313292
472	0.00175885842553
473	0.00349214365881
470	0.00864670514671
471	0.0079443642777
476	0.00993931377265
477	0.00803607503608
474	0.0112956549623
475	0.00118518518519
478	0.00382788199455
479	0.0332042648709
