498	0.00819814074172
499	0.0654193090816
494	0.0287779190237
495	0.0
496	0.0321079767361
497	0.0454705323942
490	0.0132229900025
491	0.00116727374463
492	0.0395805772992
493	0.00175621328563
542	0.00111748200964
543	0.0130431284089
540	0.0045356994036
541	0.0667737829965
546	0.0444034083314
547	0.00631514492707
544	0.0190130143508
545	0.00507774891903
548	0.0460765299832
549	0.0042278629124
537	0.00445718335342
536	0.00157944499792
535	0.0320281915532
534	0.0
533	0.0109753987226
532	0.0380662405971
530	0.00470343327002
539	0.00166721592491
538	0.0337526459773
524	0.00191750732927
525	0.0157440123776
526	0.0059321886942
527	0.0252825533348
520	0.0090197093893
521	2.52525252525e-05
522	0.0062958723076
523	0.00151893696884
528	0.0120892049093
529	0.0217277396805
519	0.00181008309967
518	0.00298081586265
511	0.0174011434407
510	0.00655326704912
513	0.023021542218
512	0.0181972274198
515	0.0262051059536
514	0.04803625644
517	0.00293524293548
516	0.0274601733653
458	0.0784009345878
459	0.0176684193139
451	0.00579240637365
452	0.00333486042577
453	0.0332786933751
454	0.0247134592135
455	0.0136103837744
456	0.0
457	0.00996439282052
508	0.00591724070615
509	0.0268159661342
506	0.0241899066384
507	0.0033040913335
504	0.0110254693177
505	0.00302930049471
502	0.00273473963257
503	0.00237922860411
500	0.0184205687786
501	0.00266106036441
469	0.0104172875888
468	0.0483738293991
465	0.0525854756429
464	0.00632501193337
467	0.00891471045243
466	0.000966752280149
461	0.00302381499536
460	0.00656061925135
463	0.0
462	0.0150480244539
550	0.0235333288854
489	0.00993028450182
488	0.00827075574941
487	0.0434239465541
486	0.0201631708184
485	0.0387023871199
484	0.000492940610588
483	2.0202020202e-05
482	0.00981617829343
481	0.00563974636449
480	0.00460725138052
472	0.00219668860569
473	0.00410590927004
470	0.011772972322
471	0.0101728072244
476	0.0182630212751
477	0.0113016868483
474	0.0164473015466
475	0.00150281038
478	0.00541200971961
479	0.0529314558208
