498	0.0107343325703
499	0.102567859739
494	0.0426944097545
495	0.0
496	0.0495948298329
497	0.0684162622306
490	0.0174676077687
491	0.00134458297568
492	0.0576679132165
493	0.00199847711356
542	0.00125760711412
543	0.0173403240829
540	0.00588666177704
541	0.0955375891566
546	0.0583516653827
547	0.00718422955456
544	0.0272118147694
545	0.00646119134107
548	0.0699014486771
549	0.0053941603043
537	0.00478147912075
536	0.0018985104383
535	0.0395548123826
534	0.0
533	0.0143094787114
532	0.0601688566619
530	0.00622970222315
539	0.00232408561688
538	0.0489517040058
524	0.00232087665531
525	0.0219362093004
526	0.00980291480595
527	0.0371008664822
520	0.0113296522057
521	3.98455365233e-05
522	0.00849290212933
523	0.0017348332745
528	0.0156607348417
529	0.0350114492677
519	0.00312332597972
518	0.00405860894251
511	0.025499183994
510	0.00897700624059
513	0.0347565495647
512	0.03026933389
515	0.0375016302661
514	0.0633120826535
517	0.0060689492213
516	0.0420715804184
458	0.125332236723
459	0.0255573923435
451	0.00782048595158
452	0.00389484918792
453	0.0502321863977
454	0.0363706219515
455	0.0175052949874
456	5.94177064765e-06
457	0.0144409951888
508	0.00647106681022
509	0.0346202039433
506	0.0386651860389
507	0.00378941144225
504	0.0147862385027
505	0.00484592930268
502	0.00483350241637
503	0.00293754008808
500	0.0262041259585
501	0.00320548170758
469	0.0131713419978
468	0.0724301868908
465	0.0929094748538
464	0.0080774675174
467	0.0128021580454
466	0.00107851767142
461	0.00370663562928
460	0.0101219808111
463	0.0
462	0.0240549688057
550	0.033548082522
489	0.0142311734646
488	0.0111015516829
487	0.0601395405923
486	0.0285728921539
485	0.0507377653167
484	0.000541133604658
483	0.000272445840079
482	0.013595082112
481	0.00753964872632
480	0.00659100979031
472	0.00260663590808
473	0.00455470577144
470	0.0214286192194
471	0.0122484981988
476	0.0343262719581
477	0.0170408532456
474	0.0224634269235
475	0.00266233503524
478	0.00830791850944
479	0.0811980643815
