498	0.00470995670996
499	0.0344506974507
494	0.0188623269734
495	0.0
496	0.018679728836
497	0.0259511517289
490	0.00994837261504
491	0.00137085137085
492	0.0186546416546
493	0.00220608198386
542	0.00125610603388
543	0.00757378012934
540	0.00379370423815
541	0.043379883491
546	0.029367217145
547	0.00408780931003
544	0.0155876222543
545	0.00303270803271
548	0.0317961092406
549	0.00306119395008
537	0.00405333760889
536	0.00347549569772
535	0.0186217198439
534	7.18294051627e-05
533	0.00792624659291
532	0.0223820212709
530	0.0045596173374
539	0.00413008390786
538	0.0424258457592
524	0.00403222703223
525	0.0110933140933
526	0.00442670087115
527	0.0144115760782
520	0.00600865800866
521	0.000313131313131
522	0.00530260274705
523	0.00324279835391
528	0.00923446101224
529	0.0154017422906
519	0.00157265779488
518	0.00368302068302
511	0.0113099780878
510	0.00667831756721
513	0.0166907701352
512	0.0140324408102
515	0.015493132382
514	0.0410930468708
517	0.00191293891294
516	0.0206759660093
458	0.0381984928652
459	0.0164350916573
451	0.00351108973331
452	0.00317540484207
453	0.020746459302
454	0.016391908503
455	0.0091973705307
456	0.000577200577201
457	0.00661963550852
508	0.00455935011491
509	0.0142062957619
506	0.0141223879002
507	0.00267639356528
504	0.00698615787505
505	0.00231724653947
502	0.00218016140238
503	0.00255475388809
500	0.010291219069
501	0.00239431350542
469	0.0065518678852
468	0.0279381112714
465	0.0341840628507
464	0.00455475388809
467	0.00551194484528
466	0.000578643578644
461	0.00200684089573
460	0.00812586179253
463	0.0
462	0.0084784351451
550	0.013734541179
489	0.00730062530063
488	0.00545385067607
487	0.025671423227
486	0.0133804713805
485	0.0226494040938
484	0.000499438832772
483	0.00304622949067
482	0.00788894233339
481	0.00284089572978
480	0.00496045107156
472	0.00190080701192
