498	0.00623313398116
499	0.0583652632874
494	0.031044477256
495	0.0
496	0.0297782041303
497	0.0425966837128
490	0.0145441737387
491	0.00165650318335
492	0.0297122914479
493	0.00249794262866
542	0.00134393713063
543	0.0107172738841
540	0.00476902635204
541	0.0736957359759
546	0.0423314226396
547	0.00515932453192
544	0.0240456625583
545	0.00416056693859
548	0.049945892673
549	0.00460397710606
537	0.00528008347991
536	0.00378845552771
535	0.0253111911126
534	7.18294051627e-05
533	0.010098713865
532	0.0362322762148
530	0.00617097322243
539	0.00521624672319
538	0.059421216471
524	0.00693306128766
525	0.015660567472
526	0.0066840464242
527	0.020680063269
520	0.00935730365636
521	0.0004323251186
522	0.00724122104061
523	0.00391538163393
528	0.0116050725291
529	0.0228328216482
519	0.00268688217035
518	0.00449781346177
511	0.0159929023036
510	0.00908649761955
513	0.0258395393643
512	0.0209227082146
515	0.0245543739553
514	0.0595551023037
517	0.00394995773402
516	0.0336654231342
458	0.0620690808978
459	0.0244847633143
451	0.00483337301722
452	0.00386523551051
453	0.0301739520731
454	0.0260181152809
455	0.0132754277553
456	0.000584289005342
457	0.0106644634838
508	0.0049725876848
509	0.021626550645
506	0.0237977798136
507	0.00304549978334
504	0.00943231741937
505	0.00307549044352
502	0.00314510067898
503	0.00288486065088
500	0.0153040188984
501	0.00335121081062
469	0.00904229130437
468	0.0446701207133
465	0.0558303333971
464	0.00507952434371
467	0.0082342441055
466	0.000671437547036
461	0.00298863086301
460	0.0111393066753
463	0.0
462	0.0134187535561
550	0.0206375453934
489	0.010691575661
488	0.00732609270368
487	0.0403099227046
486	0.0193582248991
485	0.0326759147372
484	0.00101794196209
483	0.00341631309138
482	0.0104280883575
481	0.00492559103376
480	0.00682027690348
472	0.00245794877527
