100	100	1	0.238950205269
100	100	10	0.288020050428
100	100	100	0.117063540352
100	100	20	0.270363979945
100	100	5	0.270091788845
100	100	50	0.185177959224
100	100	75	0.149049656872
100	10	1	0.473703368219
100	10	10	0.543988389514
100	10	100	0.382637659803
100	10	20	0.529656246911
100	10	5	0.542096520316
100	10	50	0.451452094086
100	10	75	0.415601473744
100	1	1	0.0549775034329
100	1	10	0.512094998566
100	1	100	0.412183110147
100	1	20	0.526273463092
100	1	5	0.508638268049
100	1	50	0.477467113623
100	1	75	0.433755599766
100	20	1	0.413872183186
100	20	10	0.483966480939
100	20	100	0.307116751134
100	20	20	0.456974146853
100	20	5	0.47708446044
100	20	50	0.376812131042
100	20	75	0.340140132708
100	50	1	0.319821455358
100	50	10	0.38257165955
100	50	100	0.206624002927
100	50	20	0.368256073357
100	50	5	0.366200521369
100	50	50	0.269338202445
100	50	75	0.239309168091
100	5	1	0.479107279675
100	5	10	0.57430982205
100	5	100	0.432403585086
100	5	20	0.565555621753
100	5	5	0.552431713621
100	5	50	0.498620999231
100	5	75	0.461067021647
100	75	1	0.26319710935
100	75	10	0.330398257992
100	75	100	0.156060254861
100	75	20	0.313766834534
100	75	5	0.306907932576
100	75	50	0.224598279857
100	75	75	0.18695516799
10	100	1	0.247921337151
10	100	10	0.295648990326
10	100	5	0.27750268146
10	10	1	0.452561138378
10	10	10	0.536536660769
10	10	5	0.527197677315
10	1	1	0.0549775034329
10	1	10	0.473293552379
10	1	5	0.482920767331
10	20	1	0.400777514955
10	20	10	0.482887265995
10	20	5	0.474247223828
10	50	1	0.322329264948
10	50	10	0.386149050086
10	50	5	0.37208952479
10	5	1	0.462027809415
10	5	10	0.564533062012
10	5	5	0.538713555083
10	75	1	0.266327745385
10	75	10	0.335990832009
10	75	5	0.312613610042
1	100	1	0.161735781255
1	10	1	0.2302997691
1	1	1	0.0644051968279
1	20	1	0.2302997691
1	50	1	0.211241124899
1	5	1	0.0942732150238
1	75	1	0.161735781255
20	100	1	0.238950205269
20	100	10	0.288020050428
20	100	20	0.270363979945
20	100	5	0.270091788845
20	10	1	0.473703368219
20	10	10	0.543988389514
20	10	20	0.529656246911
20	10	5	0.542096520316
20	1	1	0.0549775034329
20	1	10	0.512094998566
20	1	20	0.526273463092
20	1	5	0.508638268049
20	20	1	0.413872183186
20	20	10	0.483966480939
20	20	20	0.456974146853
20	20	5	0.47708446044
20	50	1	0.319821455358
20	50	10	0.38257165955
20	50	20	0.368256073357
20	50	5	0.366200521369
20	5	1	0.479107279675
20	5	10	0.57430982205
20	5	20	0.565555621753
20	5	5	0.552431713621
20	75	1	0.26319710935
20	75	10	0.330398257992
20	75	20	0.313766834534
20	75	5	0.306907932576
50	100	1	0.238950205269
50	100	10	0.288020050428
50	100	20	0.270363979945
50	100	5	0.270091788845
50	100	50	0.185177959224
50	10	1	0.473703368219
50	10	10	0.543988389514
50	10	20	0.529656246911
50	10	5	0.542096520316
50	10	50	0.451452094086
50	1	1	0.0549775034329
50	1	10	0.512094998566
50	1	20	0.526273463092
50	1	5	0.508638268049
50	1	50	0.477467113623
50	20	1	0.413872183186
50	20	10	0.483966480939
50	20	20	0.456974146853
50	20	5	0.47708446044
50	20	50	0.376812131042
50	50	1	0.319821455358
50	50	10	0.38257165955
50	50	20	0.368256073357
50	50	5	0.366200521369
50	50	50	0.269338202445
50	5	1	0.479107279675
50	5	10	0.57430982205
50	5	20	0.565555621753
50	5	5	0.552431713621
50	5	50	0.498620999231
50	75	1	0.26319710935
50	75	10	0.330398257992
50	75	20	0.313766834534
50	75	5	0.306907932576
50	75	50	0.224598279857
5	100	1	0.247282145755
5	100	5	0.272719098734
5	10	1	0.421642010336
5	10	5	0.513795035309
5	1	1	0.0549775034329
5	1	5	0.438205627733
5	20	1	0.387659592012
5	20	5	0.478193577115
5	50	1	0.318471893624
5	50	5	0.36917653252
5	5	1	0.450399603092
5	5	5	0.502291015397
5	75	1	0.262704558018
5	75	5	0.305597682165
75	100	1	0.238950205269
75	100	10	0.288020050428
75	100	20	0.270363979945
75	100	5	0.270091788845
75	100	50	0.185177959224
75	100	75	0.149049656872
75	10	1	0.473703368219
75	10	10	0.543988389514
75	10	20	0.529656246911
75	10	5	0.542096520316
75	10	50	0.451452094086
75	10	75	0.415601473744
75	1	1	0.0549775034329
75	1	10	0.512094998566
75	1	20	0.526273463092
75	1	5	0.508638268049
75	1	50	0.477467113623
75	1	75	0.433755599766
75	20	1	0.413872183186
75	20	10	0.483966480939
75	20	20	0.456974146853
75	20	5	0.47708446044
75	20	50	0.376812131042
75	20	75	0.340140132708
75	50	1	0.319821455358
75	50	10	0.38257165955
75	50	20	0.368256073357
75	50	5	0.366200521369
75	50	50	0.269338202445
75	50	75	0.239309168091
75	5	1	0.479107279675
75	5	10	0.57430982205
75	5	20	0.565555621753
75	5	5	0.552431713621
75	5	50	0.498620999231
75	5	75	0.461067021647
75	75	1	0.26319710935
75	75	10	0.330398257992
75	75	20	0.313766834534
75	75	5	0.306907932576
75	75	50	0.224598279857
75	75	75	0.18695516799
