100	100	1	0.398136076047
100	100	10	0.443972941484
100	100	100	0.389410950496
100	100	20	0.466606063672
100	100	5	0.442760452795
100	100	50	0.403152488967
100	100	75	0.408406606618
100	10	1	0.352546006356
100	10	10	0.390219276288
100	10	100	0.431039728805
100	10	20	0.426189774051
100	10	5	0.396685882628
100	10	50	0.426189774051
100	10	75	0.428614751428
100	1	1	-0.0232173907667
100	1	10	0.381731855468
100	1	100	0.458118642851
100	1	20	0.406789955033
100	1	5	0.325553212895
100	1	50	0.449631222031
100	1	75	0.441547964107
100	20	1	0.347752594842
100	20	10	0.425785611155
100	20	100	0.446397918861
100	20	20	0.453672850993
100	20	5	0.415277375853
100	20	50	0.436293846456
100	20	75	0.438314660937
100	50	1	0.401970824945
100	50	10	0.431443891702
100	50	100	0.413660724268
100	50	20	0.460139457332
100	50	5	0.428210588532
100	50	50	0.432252217494
100	50	75	0.421339819296
100	5	1	0.343426206681
100	5	10	0.396685882628
100	5	100	0.457310317059
100	5	20	0.43265638039
100	5	5	0.348994660875
100	5	50	0.443568778588
100	5	75	0.452056199408
100	75	1	0.4026894912
100	75	10	0.441547964107
100	75	100	0.401940000278
100	75	20	0.467010226568
100	75	5	0.430231403013
100	75	50	0.408810769514
100	75	75	0.40598162924
10	100	1	0.369925516321
10	100	10	0.43912298673
10	100	5	0.429827240117
10	10	1	0.337048720998
10	10	10	0.370011131478
10	10	5	0.365969502516
10	1	1	-0.0232173907667
10	1	10	0.282711945897
10	1	5	0.246337285239
10	20	1	0.329398753138
10	20	10	0.395069231043
10	20	5	0.393452579458
10	50	1	0.369289572843
10	50	10	0.426998099843
10	50	5	0.408002443722
10	5	1	0.311742269399
10	5	10	0.363140362242
10	5	5	0.320299095244
10	75	1	0.375035348634
10	75	10	0.426189774051
10	75	5	0.417702353231
1	100	1	-0.0272841594251
1	10	1	-0.0232173907667
1	1	1	-0.0232173907667
1	20	1	-0.0272841594251
1	50	1	-0.0272841594251
1	5	1	-0.0232173907667
1	75	1	-0.0272841594251
20	100	1	0.398136076047
20	100	10	0.443972941484
20	100	20	0.466606063672
20	100	5	0.442760452795
20	10	1	0.352546006356
20	10	10	0.390219276288
20	10	20	0.426189774051
20	10	5	0.396685882628
20	1	1	-0.0232173907667
20	1	10	0.381731855468
20	1	20	0.406789955033
20	1	5	0.325553212895
20	20	1	0.347752594842
20	20	10	0.425785611155
20	20	20	0.453672850993
20	20	5	0.415277375853
20	50	1	0.401970824945
20	50	10	0.431443891702
20	50	20	0.460139457332
20	50	5	0.428210588532
20	5	1	0.343426206681
20	5	10	0.396685882628
20	5	20	0.43265638039
20	5	5	0.348994660875
20	75	1	0.4026894912
20	75	10	0.441547964107
20	75	20	0.467010226568
20	75	5	0.430231403013
50	100	1	0.398136076047
50	100	10	0.443972941484
50	100	20	0.466606063672
50	100	5	0.442760452795
50	100	50	0.403152488967
50	10	1	0.352546006356
50	10	10	0.390219276288
50	10	20	0.426189774051
50	10	5	0.396685882628
50	10	50	0.426189774051
50	1	1	-0.0232173907667
50	1	10	0.381731855468
50	1	20	0.406789955033
50	1	5	0.325553212895
50	1	50	0.449631222031
50	20	1	0.347752594842
50	20	10	0.425785611155
50	20	20	0.453672850993
50	20	5	0.415277375853
50	20	50	0.436293846456
50	50	1	0.401970824945
50	50	10	0.431443891702
50	50	20	0.460139457332
50	50	5	0.428210588532
50	50	50	0.432252217494
50	5	1	0.343426206681
50	5	10	0.396685882628
50	5	20	0.43265638039
50	5	5	0.348994660875
50	5	50	0.443568778588
50	75	1	0.4026894912
50	75	10	0.441547964107
50	75	20	0.467010226568
50	75	5	0.430231403013
50	75	50	0.408810769514
5	100	1	0.344996126161
5	100	5	0.403556651863
5	10	1	0.289326679415
5	10	5	0.328382353169
5	1	1	-0.0232173907667
5	1	5	0.123471764791
5	20	1	0.278722476703
5	20	5	0.374861086233
5	50	1	0.331564594504
5	50	5	0.379711040987
5	5	1	0.268356192987
5	5	5	0.265737104256
5	75	1	0.344631434316
5	75	5	0.391835927873
75	100	1	0.398136076047
75	100	10	0.443972941484
75	100	20	0.466606063672
75	100	5	0.442760452795
75	100	50	0.403152488967
75	100	75	0.408406606618
75	10	1	0.352546006356
75	10	10	0.390219276288
75	10	20	0.426189774051
75	10	5	0.396685882628
75	10	50	0.426189774051
75	10	75	0.428614751428
75	1	1	-0.0232173907667
75	1	10	0.381731855468
75	1	20	0.406789955033
75	1	5	0.325553212895
75	1	50	0.449631222031
75	1	75	0.441547964107
75	20	1	0.347752594842
75	20	10	0.425785611155
75	20	20	0.453672850993
75	20	5	0.415277375853
75	20	50	0.436293846456
75	20	75	0.438314660937
75	50	1	0.401970824945
75	50	10	0.431443891702
75	50	20	0.460139457332
75	50	5	0.428210588532
75	50	50	0.432252217494
75	50	75	0.421339819296
75	5	1	0.343426206681
75	5	10	0.396685882628
75	5	20	0.43265638039
75	5	5	0.348994660875
75	5	50	0.443568778588
75	5	75	0.452056199408
75	75	1	0.4026894912
75	75	10	0.441547964107
75	75	20	0.467010226568
75	75	5	0.430231403013
75	75	50	0.408810769514
75	75	75	0.40598162924
