100	100	1	0.205892997807
100	100	10	0.27154419181
100	100	100	0.074481554387
100	100	20	0.224893063787
100	100	5	0.231451861153
100	100	50	0.124072495529
100	100	75	0.0945523330001
100	10	1	0.386088977559
100	10	10	0.424224430162
100	10	100	0.300983483291
100	10	20	0.423017545175
100	10	5	0.420229001746
100	10	50	0.343219075576
100	10	75	0.331294346919
100	1	1	0.0833660857713
100	1	10	0.452122874397
100	1	100	0.268795550739
100	1	20	0.409002150518
100	1	5	0.445564010601
100	1	50	0.354018425722
100	1	75	0.311104313383
100	20	1	0.327161596914
100	20	10	0.376652215969
100	20	100	0.202937034746
100	20	20	0.301688892292
100	20	5	0.361852550955
100	20	50	0.228998230211
100	20	75	0.225607470524
100	50	1	0.267701665235
100	50	10	0.319924285761
100	50	100	0.0880243593831
100	50	20	0.256820743741
100	50	5	0.284805451661
100	50	50	0.154502996107
100	50	75	0.118531276534
100	5	1	0.366417726857
100	5	10	0.426350950013
100	5	100	0.301149059228
100	5	20	0.425335304001
100	5	5	0.380607965374
100	5	50	0.367946013484
100	5	75	0.336923716479
100	75	1	0.231084292432
100	75	10	0.290994002107
100	75	100	0.077442193718
100	75	20	0.242188100509
100	75	5	0.252480223161
100	75	50	0.141272330693
100	75	75	0.107854619256
10	100	1	0.185598535251
10	100	10	0.268462787825
10	100	5	0.222476979614
10	10	1	0.328959449711
10	10	10	0.408063462333
10	10	5	0.391343350724
10	1	1	0.0833660857713
10	1	10	0.44435764637
10	1	5	0.466518879834
10	20	1	0.285260537124
10	20	10	0.378258094571
10	20	5	0.349084437116
10	50	1	0.24463693782
10	50	10	0.332031250217
10	50	5	0.286486027116
10	5	1	0.31505382811
10	5	10	0.415157623336
10	5	5	0.365157319504
10	75	1	0.209342382192
10	75	10	0.293728707924
10	75	5	0.247738746439
1	100	1	0.0748096207072
1	10	1	0.183128396026
1	1	1	0.0755452654065
1	20	1	0.17179454424
1	50	1	0.116946148782
1	5	1	0.227593664114
1	75	1	0.0821168742015
20	100	1	0.205892997807
20	100	10	0.27154419181
20	100	20	0.224893063787
20	100	5	0.231451861153
20	10	1	0.386088977559
20	10	10	0.424224430162
20	10	20	0.423017545175
20	10	5	0.420229001746
20	1	1	0.0833660857713
20	1	10	0.452122874397
20	1	20	0.409002150518
20	1	5	0.445564010601
20	20	1	0.327161596914
20	20	10	0.376652215969
20	20	20	0.301688892292
20	20	5	0.361852550955
20	50	1	0.267701665235
20	50	10	0.319924285761
20	50	20	0.256820743741
20	50	5	0.284805451661
20	5	1	0.366417726857
20	5	10	0.426350950013
20	5	20	0.425335304001
20	5	5	0.380607965374
20	75	1	0.231084292432
20	75	10	0.290994002107
20	75	20	0.242188100509
20	75	5	0.252480223161
50	100	1	0.205892997807
50	100	10	0.27154419181
50	100	20	0.224893063787
50	100	5	0.231451861153
50	100	50	0.124072495529
50	10	1	0.386088977559
50	10	10	0.424224430162
50	10	20	0.423017545175
50	10	5	0.420229001746
50	10	50	0.343219075576
50	1	1	0.0833660857713
50	1	10	0.452122874397
50	1	20	0.409002150518
50	1	5	0.445564010601
50	1	50	0.354018425722
50	20	1	0.327161596914
50	20	10	0.376652215969
50	20	20	0.301688892292
50	20	5	0.361852550955
50	20	50	0.228998230211
50	50	1	0.267701665235
50	50	10	0.319924285761
50	50	20	0.256820743741
50	50	5	0.284805451661
50	50	50	0.154502996107
50	5	1	0.366417726857
50	5	10	0.426350950013
50	5	20	0.425335304001
50	5	5	0.380607965374
50	5	50	0.367946013484
50	75	1	0.231084292432
50	75	10	0.290994002107
50	75	20	0.242188100509
50	75	5	0.252480223161
50	75	50	0.141272330693
5	100	1	0.165156374076
5	100	5	0.215655710295
5	10	1	0.267484090334
5	10	5	0.337246058494
5	1	1	0.0740103724779
5	1	5	0.414247941008
5	20	1	0.245916556632
5	20	5	0.327110481705
5	50	1	0.21619787187
5	50	5	0.274817669149
5	5	1	0.258087094554
5	5	5	0.28509503711
5	75	1	0.185413215824
5	75	5	0.240702414118
75	100	1	0.205892997807
75	100	10	0.27154419181
75	100	20	0.224893063787
75	100	5	0.231451861153
75	100	50	0.124072495529
75	100	75	0.0945523330001
75	10	1	0.386088977559
75	10	10	0.424224430162
75	10	20	0.423017545175
75	10	5	0.420229001746
75	10	50	0.343219075576
75	10	75	0.331294346919
75	1	1	0.0833660857713
75	1	10	0.452122874397
75	1	20	0.409002150518
75	1	5	0.445564010601
75	1	50	0.354018425722
75	1	75	0.311104313383
75	20	1	0.327161596914
75	20	10	0.376652215969
75	20	20	0.301688892292
75	20	5	0.361852550955
75	20	50	0.228998230211
75	20	75	0.225607470524
75	50	1	0.267701665235
75	50	10	0.319924285761
75	50	20	0.256820743741
75	50	5	0.284805451661
75	50	50	0.154502996107
75	50	75	0.118531276534
75	5	1	0.366417726857
75	5	10	0.426350950013
75	5	20	0.425335304001
75	5	5	0.380607965374
75	5	50	0.367946013484
75	5	75	0.336923716479
75	75	1	0.231084292432
75	75	10	0.290994002107
75	75	20	0.242188100509
75	75	5	0.252480223161
75	75	50	0.141272330693
75	75	75	0.107854619256
