query	score
101	0.6186388892055662
102	0.581246725118867
103	0.6987237630529775
104	0.6678970584287561
105	0.6325695546375169
106	0.8421753983568759
107	0.7745849687748203
108	0.6661106187454762
109	0.5860481338692369
110	0.8683692952533534
111	0.9132108252485086
112	0.5964649391491086
113	0.8066862353076709
114	0.8044636860708643
115	0.6632485360630013
116	0.6941894661626204
117	0.31674664831626326
118	0.7385574547091166
119	0.701198378696472
120	0.5737223041348004
121	0.8148349229923965
122	0.010715157831636964
123	0.6795567210713667
124	0.5999670029239939
125	0.8821379547032323
126	0.8150825139741461
127	0.7212906495191687
128	0.5668661908802857
129	0.7196686682219181
130	0.7747978994967392
131	0.49180959317465756
132	0.6355877253542564
133	0.7796512876746396
134	0.640446487557481
135	0.5107745622542788
136	0.5708839266378385
137	0.6911263955973055
138	0.6586126900571218
139	0.6446622577829558
140	0.6105683638483231
141	0.68750505923593
142	0.560632590007463
143	0.7526717252710537
144	0.6501407156194494
145	0.7811064453477333
146	0.3493656244044957
147	0.350846234438706
148	0.6068229048356572
149	0.4648113540577834
150	0.6475310464668202
151	0.5773640107943221
152	0.37371367713692105
153	0.7723950483426424
154	0.8682710919309833
155	0.3523701315641725
156	0.455725916344432
157	0.5851135875815348
158	0.6025406414879633
159	0.778771085374924
160	0.25761632241331345
161	0.8476947090777728
162	0.3562359163722327
163	0.7404541460152024
164	0.7950444489492241
165	0.8409766256688087
166	0.6560691256022547
167	0.3766761613831343
168	0.4458912318207309
169	0.7475594670206464
170	0.7025253318399325
171	0.6164200913995581
172	0.7534271428456205
173	0.9015926699096838
174	0.7243406147852045
175	0.682909441646752
176	0.46315045637243546
177	0.8435722500091838
178	0.25646096064454277
179	0.5135559760794592
180	0.13460976222990859
181	0.2580776156467558
182	0.6016265674300175
183	0.7090671048553617
184	0.6334076418272568
185	0.7179238094813225
186	0.807588365757472
187	0.3813490719716056
188	0.5183197101278227
189	0.5193467000394236
190	0.4607860783741782
191	0.6904677388252307
192	0.790701082509768
193	0.6148022879067081
194	0.31790171951250357
195	0.8404327869202592
196	0.8014938534181564
197	0.3840413869611773
198	0.748089809318831
199	0.19279720000427214
200	0.40625561690138223
