query	score
301	0.8794485128612781
302	0.7353871858701293
303	0.7557743959997892
304	0.6122066493125187
305	0.1276295855576641
306	0.40488478116789933
307	0.8107207673431945
308	0.5190818010372087
309	0.565237011846032
310	0.4934681905502175
311	0.5998736498421465
312	0.022506286206058206
313	0.589792753011299
314	0.4395944065272932
315	0.1684695885986029
316	0.2676601673922609
317	0.6634895610676881
318	0.2882110415269482
319	0.7660033129706092
320	0.8271130969975662
321	0.7632666225354885
322	0.7655147180920171
323	0.29930895466421525
324	0.7040896439656811
325	0.2720970271202385
326	0.050708093929952125
327	0.3690846322757417
328	0.6245058182100535
329	0.8640351690759879
330	0.8168990671934035
331	0.869129607933375
332	0.9294684748291162
333	0.6590670974344813
334	0.36811875647700454
335	0.857835574955013
336	0.3474166181095452
337	0.5201712577141956
338	0.700309208365578
339	0.7020748245870416
340	0.6722558025405513
341	0.7998609544980197
342	0.45471779560389225
343	0.8390637154330165
344	0.33987880306097906
345	0.6807411008339621
346	0.577684854099794
347	0.7559439956844026
348	0.10762815091321196
349	0.4246029770848594
350	0.7140560353013399
351	0.6627165391753015
352	0.4053119240314417
353	0.6161193506340947
354	0.3791457774103718
355	0.8089098865501302
356	0.6145307359267846
357	0.4885573167089696
358	0.6346601347892256
359	0.6036603228386872
360	0.8058830328298681
361	0.48214448484951083
362	0.5315029233270018
363	0.5733028416378164
364	0.8161821516301793
365	0.7928719419845802
366	0.763404732092174
367	0.5736564153328372
368	0.39791619530898725
369	0.519752802264119
370	0.8395287807039066
371	0.41265780495768106
372	0.632504005046333
373	0.39825529411937144
374	0.7486115485899485
375	0.7932033756399668
376	0.643585605084993
377	0.8854089491366077
378	0.43949153477796243
379	0.34257386754761476
380	0.2172198527586392
381	0.7452994269467457
382	0.7256285858340854
383	0.7192742885451936
384	0.8868644760546536
385	0.7467003146330988
386	0.6403453450069198
387	0.8364615722488552
388	0.7470154881956659
389	0.7601725479043121
390	0.6868454601897455
391	0.39307708463708974
392	0.6623033029612062
393	0.5441544081449475
394	0.7982169840473684
395	0.9100317187528242
396	0.7660415012134588
397	0.35520209191739316
398	0.463829267733085
399	0.5231765526459381
400	0.7129319808671468
401	0.5456500234296114
402	0.19499364246544434
403	0.7003369066274935
404	0.7470866078673526
405	0.6074338495057932
406	0.6516125729949727
407	0.49848224198464475
408	0.6448347801093585
409	0.550008479313408
410	0.6325478643585862
411	0.18177436403044234
412	0.7998609544980197
413	0.9139213655326794
414	0.6988786474031075
415	0.6063309763272398
416	0.6786247936845288
417	0.8149993515789905
418	0.7292194207238609
419	0.6970301437796034
420	0.7769400121057659
421	0.7365047816339514
422	0.48832594511040156
423	0.1890553515109115
424	0.7143818207441178
425	0.6360396354359446
426	0.7589653940900175
427	0.6490235697127019
428	0.7702054820431912
429	0.6952842103511874
430	0.7899283021944168
431	0.4625726688215477
432	0.47979177751108104
433	0.22126898333239986
434	0.6756966651774878
435	0.4605891672552483
436	0.613758354927104
437	0.7556968593897753
438	0.7683727965224989
439	0.5514096465399597
440	0.6771688517259352
441	0.8819951222194782
442	0.24298440080592312
443	0.5937858641829308
444	0.2843776214664352
445	0.8073052763786659
446	0.45368377293549345
447	0.35186691631682443
448	0.4611120513235707
449	0.2518032856386088
450	0.8329899378384975
601	0.743725302560427
602	0.7599196705459949
603	0.732951463724953
604	0.8211263834317176
605	0.9448572196318602
606	0.6925233332061934
607	0.8148921875258704
608	0.7576899284902616
609	0.6681480747358912
610	0.8844561277240144
611	0.6979503523080112
612	0.6991005267458019
613	0.8801796314968731
614	0.6435241289891559
615	0.44101495314799005
616	0.4577233102699689
617	0.7660011182037609
618	0.763230246575281
619	0.8371078211455956
620	0.8603924968523275
621	0.874817067037286
622	0.7257491731756414
623	0.8403687502092869
624	0.7596104056255156
625	0.30197000978708294
626	0.5921564224383417
627	0.6240924114207098
628	0.6639254345072572
629	0.781125755154421
630	0.7746224418614248
631	0.8671391171957017
632	0.734918043273212
633	0.7021612822028638
634	0.6181898689752332
635	0.4816115809590967
636	0.597830571209469
637	0.6147009761012844
638	0.28845789878011113
639	0.3960562012684904
640	0.6883384267540085
641	0.6924540292129207
642	0.626469729570451
643	0.5976702598437198
644	0.7108516063038975
645	0.8619276375897622
646	0.7693832368969412
647	0.6345860676959003
648	0.6172256581473778
649	0.8815579057075601
650	0.555355612971776
651	0.34929752533549707
652	0.4012144805760146
653	0.8215830141858267
654	0.6071944852082284
655	0.3556534056732612
656	0.876880616693486
657	0.7404300856428634
658	0.1559432659381282
659	0.7943322135463958
660	0.8246722438348564
661	0.7496131131585042
662	0.04712591026657699
663	0.69977144107624
664	0.8561047343282837
665	0.7024653912867738
666	0.714314289399327
667	0.4764383484449477
668	0.6288443776755472
669	0.7152071497283881
670	0.6381855927639495
671	0.791533583711662
673	0.8941642151428627
674	0.4741011337561133
675	0.6940289742444705
676	0.7339901273153153
677	0.8403115064167864
678	0.8275445768811248
679	0.8317424350550748
680	0.2928576626565208
681	0.9179723377994108
682	0.6013677717063882
683	0.45341236118100753
684	0.7932467808146544
685	0.633855907572508
686	0.6527438618230654
687	0.7665864668670058
688	0.6406644734645698
689	0.6623744205295803
690	0.8021370910773536
691	0.6882437286677775
692	0.9126145082045769
693	0.8268249900690953
694	0.5049685185352267
695	0.5969625915833756
696	0.7390211671618
697	0.7284436472370998
698	0.7329502804907254
699	0.823242964146479
700	0.4690933958554834
