query	score
451	0.7473414516258889
452	0.6057814663350838
453	0.913246198961077
454	0.7717323964718759
455	0.6321633271813517
456	0.39296538928538405
457	0.31927560294516666
458	0.8304202474404406
459	0.6873727062133407
460	0.7645758793417076
461	0.722867783350808
462	0.8328035829947223
463	0.0
464	0.5202241375741526
465	0.9175904623648959
466	0.17213653882716712
467	0.4791614314393551
468	0.7841318328424133
469	0.08374089264159182
470	0.7742050377972103
471	0.6404824166857561
472	0.3930585052261278
473	0.6206959176906419
474	0.6670805377455398
475	0.2692864826996736
476	0.724058228882064
477	0.1372087404683726
478	0.5810888873498697
479	0.6245678919322816
480	0.647904016732981
481	0.7257833724241992
482	0.7724187254343179
483	0.31977550849689895
484	0.0458857472819679
485	0.83086464248417
486	0.4653640543986668
487	0.5370675668416405
488	0.4546859020193155
489	0.591796389207516
490	0.6173280305676802
491	0.6551740889249049
492	0.826632905588162
493	0.43448786739143613
494	0.786489154316072
495	0.22634313407706738
496	0.6085195500100758
497	0.8019236141930767
498	0.8041036800976064
499	0.7039008785697164
500	0.9012341201585732
501	0.4610785656123165
502	0.6960211717082162
503	0.4399063860212944
504	0.4231700508319179
505	0.602121239807923
506	0.6820134519137787
507	0.30269297998802136
508	0.5304968956729785
509	0.8554993695022222
510	0.44143551243651796
511	0.8209740559814755
512	0.5183354907131786
513	0.877747410859152
514	0.7369346086995914
515	0.7842507358020399
516	0.7790166671008157
517	0.6858551977886646
518	0.6043338156885589
519	0.49531740569286536
520	0.6703398410090864
521	0.41022008292383344
522	0.6112929487134205
523	0.45646466115586026
524	0.044847723382531
525	0.9125806088386653
526	0.7359286566728929
527	0.7400099389456234
528	0.5755905710477915
529	0.7073359816153032
530	0.10774250276148242
532	0.8865630440718355
533	0.9572712412426485
534	0.2905148209799398
535	0.8291890043278226
536	0.4889154314161508
537	0.3392266751355563
538	0.6478808636787072
539	0.6787618662019059
540	0.21952797668226007
541	0.8411051908528884
542	0.8355765422289615
543	0.4421497164174045
544	0.40103104174146675
545	0.6893082157972945
546	0.624708201291322
547	0.5732209799651572
548	0.7884538677265783
549	0.628412176468448
550	0.7717903253216396
