100	1	0.0354898882083
100	10	0.182380597087
100	15	0.141937726096
100	20	0.132647572794
100	3	0.112312644507
100	5	0.148334549638
10	1	0.16569586222
10	10	0.347083197138
10	15	0.34158099508
10	20	0.324948993678
10	3	0.244070945705
10	5	0.384746005663
1	1	0.0842010770899
1	10	0.110445164333
1	15	0.099781489206
1	20	0.0553978130214
1	3	0.0991285531281
1	5	0.0849412604477
20	1	0.117912349213
20	10	0.219356864857
20	15	0.212740562677
20	20	0.235706141278
20	3	0.191558675275
20	5	0.278569184888
500	1	0.011996988619
500	10	0.128153357019
500	15	0.196506370816
500	20	0.1943406748
500	3	0.0353337891091
500	5	0.111662910305
50	1	0.0544758598188
50	10	0.171228858835
50	15	0.174839189896
50	20	0.197874860415
50	3	0.0989526082231
50	5	0.159135979178
75	1	0.0668936738751
75	10	0.214137923379
75	15	0.208192884102
75	20	0.198116074499
75	3	0.126022140318
75	5	0.187836301335
