ap_clarity_cor_map
20 20 0.525535877838
500 50 0.530452681973
ap_clarity_cor_map_kendall
500 100 0.360715384865
20 10 0.361119547761
ap_clarity_cor_ndcg
250 10 0.355863929887
1000 10 0.356942862317
ap_clarity_cor_ndcg_kendall
250 5 0.215828402902
1000 5 0.217449649121
ap_feedback_cor_map
20 5 0.421431198631
100 3 0.426550919603
ap_feedback_cor_map_kendall
20 20 0.323639896792
100 3 0.32821960967
ap_feedback_cor_ndcg
100 20 0.318576560719
50 5 0.321798818424
ap_feedback_cor_ndcg_kendall
75 5 0.201372905396
75 3 0.207088880942
ap_pseudo_cor_map
75 50 5 0.502742650786
100 20 10 0.503010754879
ap_pseudo_cor_map_kendall
20 50 10 0.412044072684
75 5 10 0.414392561148
ap_pseudo_cor_ndcg
5 20 5 0.402438850926
100 50 1 0.402608260601
ap_pseudo_cor_ndcg_kendall
20 50 10 0.270140151238
50 50 10 0.270140151238
robust_clarity_cor_map
1000 100 0.422891830609
1000 500 0.425127221628
robust_clarity_cor_map_kendall
75 5 0.296801361407
100 5 0.300234837813
robust_clarity_cor_ndcg
250 1000 0.310623994331
100 5 0.315234397023
robust_clarity_cor_ndcg_kendall
20 1000 0.224118672115
250 1000 0.229050061542
robust_feedback_cor_map
100 15 0.21228109584
100 10 0.228282412821
robust_feedback_cor_map_kendall
50 3 0.17777980842
75 5 0.201186186334
robust_feedback_cor_ndcg
10 1 0.156678632094
100 20 0.185006349268
robust_feedback_cor_ndcg_kendall
100 5 0.126800152667
100 10 0.151066781788
robust_pseudo_cor_map
50 50 20 0.437489897386
5 50 5 0.438797917346
robust_pseudo_cor_map_kendall
10 100 10 0.342522108307
50 50 20 0.34400103726
robust_pseudo_cor_ndcg
100 50 10 0.32220438817
20 50 10 0.32220438817
robust_pseudo_cor_ndcg_kendall
5 1 5 0.24747788519
5 20 1 0.248156994635
wt10g_clarity_cor_map
500 75 0.222935128285
500 20 0.22349309445
wt10g_clarity_cor_map_kendall
75 50 0.155892367494
250 75 0.156304781165
wt10g_clarity_cor_ndcg
50 100 0.0942364138958
500 20 0.0942683902192
wt10g_clarity_cor_ndcg_kendall
250 20 0.0707554346813
500 50 0.0715878515599
wt10g_feedback_cor_map
50 5 0.159135979178
10 1 0.16569586222
wt10g_feedback_cor_map_kendall
100 15 0.157609790506
100 20 0.162218221592
wt10g_feedback_cor_ndcg
500 20 0.0824773843811
100 10 0.0937088268596
wt10g_feedback_cor_ndcg_kendall
1 10 0.0648513959604
100 5 0.066555516241
wt10g_pseudo_cor_map
100 20 1 0.28327779811
50 20 20 0.286721273092
wt10g_pseudo_cor_map_kendall
100 1 50 0.270666159947
75 50 5 0.271368195268
wt10g_pseudo_cor_ndcg
75 1 75 0.252636309579
10 75 10 0.253128320488
wt10g_pseudo_cor_ndcg_kendall
50 1 50 0.193536924275
75 1 50 0.193536924275
