100	1	0.0618051384905
100	10	0.301646573087
100	15	0.325610786075
100	20	0.318576560719
100	3	0.218484375394
100	5	0.322425994073
10	1	0.25405606811
10	10	0.352350197246
10	15	0.378776908787
10	20	0.333470166802
10	3	0.351593090089
10	5	0.44671676896
1	1	0.106860332747
1	10	0.0504068937618
1	15	-0.0730170912265
1	20	-0.0730170912265
1	3	0.11598556896
1	5	0.0510856588389
20	1	0.185633799308
20	10	0.366180166737
20	15	0.370168035648
20	20	0.360488786286
20	3	0.379210556163
20	5	0.330789168303
500	1	-0.00460336731515
500	10	0.188148068056
500	15	0.181890837014
500	20	0.173353237927
500	3	0.092553910551
500	5	0.084995741346
50	1	0.0917660130728
50	10	0.352467716772
50	15	0.338235383192
50	20	0.372079105732
50	3	0.322296122414
50	5	0.321798818424
75	1	0.0997909377569
75	10	0.284647782077
75	15	0.36178915711
75	20	0.383628710684
75	3	0.327019851017
75	5	0.32402912149
