451	3.8399281342740785
452	3.7873258914589707
453	2.85261168645433
454	3.630629682433801
455	3.185002917601916
456	3.2470736525217
457	3.4777134201694637
458	3.709609347376819
459	3.1874932672899203
460	3.105906544870122
461	4.930301205060377
462	3.092383599923395
463	0.0
464	3.4142805520817707
465	3.383364820388391
466	7.167829506399282
467	4.273168652464295
468	3.1011718356645885
469	4.40530922517756
470	4.281866766637189
471	3.6511020531315985
472	2.962362917990981
473	4.136233139722741
474	2.4663304321544133
475	6.441460053859359
476	3.4138321368398827
477	6.030301888977621
478	2.678247313324109
479	3.412011581931831
480	2.437477036250457
481	3.419539579074432
482	3.1877761470435906
483	11.538934352636247
484	4.097025389146515
485	3.168937780945404
486	3.2338477231974077
487	4.228356723920435
488	3.133075637610471
489	4.009221476068772
490	2.904796224174277
491	3.0382237900584896
492	2.8937118320151165
493	3.085708967452177
494	3.519000683136083
495	2.659181027574308
496	5.834305564029431
497	3.850604944448296
498	3.884827829698944
499	3.4377877957225094
500	3.2300642312845955
501	4.610699140601062
502	3.9268474691281883
503	4.061578575356427
504	3.7698072138755787
505	3.7628790401545946
506	3.9528739576749836
507	3.160318906162322
508	3.5357424785414895
509	3.1739468150718957
510	3.3361990567178585
511	2.6737838233318203
512	3.412557229717092
513	3.309774639219674
514	2.7882378325645742
515	3.1192679910105747
516	2.9706351394579547
517	3.2401691447741205
518	2.5296946704067045
519	3.3909137241027705
520	3.356507146924791
521	3.007246459808302
522	3.604015199542475
523	3.7326962945369906
524	3.4659036146313524
525	3.4136383572444484
526	3.2329672610229183
527	2.9312494473264867
528	3.4027683699579216
529	3.62890718675889
530	3.753823335500516
532	3.4060451144805275
533	2.9830851066060178
534	4.085720038931819
535	2.720843040268116
536	3.2399822458596375
537	2.9430995718095287
538	3.213654369793867
539	3.0179925661253164
540	3.0387229954061397
541	2.9012453333707993
542	2.917374058024488
543	2.7872026473308296
544	4.111953440059457
545	3.2815239150765194
546	2.8991574546862435
547	3.69022500180412
548	3.142703728063748
549	3.4743139158261664
550	3.8732670887828053
