451	3.0730716880283513
452	2.5420505097798554
453	2.8085790691631023
454	2.6613040711049862
455	2.243287827498447
456	3.5810128103268135
457	2.321287288916977
458	2.7058668042317713
459	2.0794185603507023
460	2.1610106242953777
461	2.887461362196444
462	1.809932956353471
463	0.0
464	2.847070742573491
465	2.306398024430205
466	2.6006161091134
467	3.650134510276237
468	2.2804303864370974
469	3.6282122494278934
470	3.8508360805183846
471	1.8822004431365473
472	2.118575219868928
473	2.4284843210122355
474	1.4878053301358771
475	4.566269905616701
476	2.4266794120582564
477	3.096356470980145
478	1.8411539655739808
479	2.1872513298753007
480	1.607943815815306
481	2.448861848752358
482	2.1270788249154293
483	3.9964913660786845
484	4.2821839303203895
485	2.127134813333069
486	2.740080828101988
487	3.33143029672577
488	1.9280893921241384
489	3.0028051149721438
490	2.0115214531612926
491	1.8709435511993333
492	1.6933684353164835
493	1.9315180916986578
494	3.1207223821700696
495	1.4357599333060946
496	4.800505755442226
497	3.542169709220819
498	2.487810579467336
499	2.5965923593565643
500	2.060452244469613
501	2.1695805464833797
502	2.0647303897457547
503	2.3728095354552448
504	2.346406412928758
505	2.830258795990494
506	2.6143738814775364
507	2.010854178745375
508	2.270330950804283
509	2.5107017177840976
510	2.3323588608350083
511	1.8657640378156912
512	3.1294784000175233
513	3.156495468320251
514	1.466052227296764
515	2.4843310380746004
516	3.165202360225858
517	3.0760084596111494
518	1.3898714955622582
519	2.6319924183955012
520	1.936962813749286
521	1.7902428875431775
522	2.748662022715659
523	2.763145031588793
524	2.8814531666699463
525	2.1558899668884366
526	2.301678798275646
527	2.273205468047456
528	2.160693044721192
529	2.5533762448238706
530	2.4829131600183056
532	2.227928407386845
533	1.9555316093379125
534	2.8899942087807386
535	1.6646138452807822
536	1.8569282767477764
537	1.7833070185580147
538	2.595723727020637
539	1.6361599833517786
540	2.0301357793574253
541	2.204954660265126
542	1.379768552111784
543	2.124389740537487
544	3.2027505447916536
545	2.2370007819307407
546	2.1899293339040615
547	2.7785364127741143
548	2.2060934398970815
549	2.6073732808973165
550	3.725875791440541
