451	2.9495958485677596
452	2.4892849511877833
453	2.212888312642735
454	2.979114112024308
455	3.862715075617548
456	2.2651056659886355
457	2.9022646463173802
458	2.8971178441359364
459	2.5289956921719767
460	2.4661114075453
461	3.181466907291563
462	2.2308472417742755
463	0.0
464	2.9643541416438577
465	2.7380159621652487
466	4.740215810679812
467	3.557602812170241
468	2.6226048969611235
469	3.8441755403947244
470	4.704438077597855
471	2.378557833845456
472	2.2204850338310558
473	2.9765977338746703
474	1.921714043968343
475	5.7233638350620195
476	3.1264314021626696
477	6.715337249329645
478	2.0866281777815394
479	2.7144354463100906
480	1.9201830569019402
481	2.7439585324067126
482	2.5977980900161755
483	6.334469606793636
484	4.031319227822975
485	2.4037443156105236
486	2.6855360814374434
487	4.312674363447951
488	2.320760954063922
489	3.5368395052103483
490	2.3682733351584884
491	2.3180057739154574
492	2.2809490313749468
493	2.3112238992368446
494	2.9563460051185344
495	1.7683300260705834
496	4.800505755442226
497	3.227557214670225
498	2.7180330661090073
499	2.7887518132749656
500	2.4470291933806516
501	2.9099044963160634
502	3.220527585874477
503	3.019845997694189
504	3.358504061551099
505	3.3129886145458443
506	2.910046556281728
507	2.138535321068454
508	2.7052462159711226
509	2.6469893387764167
510	2.5116767194979603
511	2.2952915082036673
512	3.126351812228241
513	2.95873286733815
514	1.8954003440805425
515	3.3678259327947893
516	2.4811403450593135
517	2.336051034503281
518	1.801011848508877
519	2.582827549452287
520	2.3540244704907174
521	1.966485323538074
522	2.866596201371664
523	2.3395858887485264
524	2.466003097335252
525	2.640003398983641
526	2.4307738603064295
527	3.4410954134173477
528	2.8132401195543357
529	2.7543709139580397
530	3.1359254341298635
532	2.634216606530026
533	2.2156396791151156
534	3.228192534389185
535	1.9502643382018239
536	2.439550399262786
537	2.028171912637408
538	3.1704598818846668
539	2.043268998531765
540	2.592478598730808
541	2.2482579134503045
542	1.8095393696795472
543	3.0506020386229946
544	3.15990766135881
545	2.6897220778408295
546	2.320260287043495
547	2.8023604649314495
548	2.6078593513193455
549	2.9314889137628173
550	3.455644648714455
