451	2.8688767209348893
452	2.289842379905169
453	2.0818259923789166
454	2.6838935395968386
455	3.221566844910362
456	2.141023042269851
457	2.692613988625741
458	3.451644218722298
459	2.363280033629425
460	2.269539180611903
461	2.877097115654114
462	2.0376084962633843
463	0.0
464	2.772272829541937
465	2.4971171843203464
466	3.9247534146422343
467	3.461555330416686
468	2.4112082083134236
469	4.485127589891851
470	4.679906898750688
471	2.1370671527540073
472	1.998326847178375
473	2.760960614472394
474	1.7558968512358206
475	5.880838528845534
476	2.7445620910168085
477	4.737014671416192
478	1.9659994303403439
479	2.4857346423842492
480	1.742830881127037
481	3.209979407074822
482	2.45987112690384
483	5.4251369740190265
484	5.550362998165004
485	2.115243333878388
486	2.288374173093037
487	3.47753106837339
488	2.2753358710354807
489	3.3061277231743893
490	2.161156684588807
491	2.1460332569721543
492	2.028070834454827
493	2.357516117305327
494	3.2823831893188142
495	1.5722619604871813
496	4.800505755442226
497	3.903253154139851
498	2.347439721165485
499	2.652302378490129
500	2.2306588242744123
501	2.553934294341214
502	2.775940595665418
503	2.6837821541437883
504	3.1465944562010817
505	2.7452776050834595
506	2.6436981474113215
507	2.02431721494908
508	2.535411628443339
509	2.4091393043532996
510	2.2783013056816404
511	2.110237362768933
512	2.9410624143499104
513	2.822929160054498
514	1.7007351298493358
515	3.3491613099835305
516	2.322086362822688
517	2.1556461710076715
518	1.6243406755903658
519	2.2643012068680344
520	2.236003754182633
521	1.7458865124387457
522	2.717210858302968
523	2.0434345255857553
524	3.2922593547458354
525	2.43209105669577
526	2.8374041773861167
527	2.8057794034618877
528	2.5748062414271273
529	2.6169029694180743
530	3.2240988554471683
532	2.75969974022383
533	2.1770144387138317
534	2.954723937493214
535	1.9400016703598026
536	2.2453424914394287
537	1.7871333580044217
538	2.614935506709975
539	1.8515690770874067
540	2.3133687367136453
541	2.1306645005745843
542	1.5748549845539006
543	2.7466099096476198
544	2.962486234010081
545	2.485227769045622
546	2.6231522802066896
547	2.6490646214401687
548	2.40550359872651
549	2.754331422903303
550	3.469776205637666
