451	3.0424864464161976
452	2.803401550658164
453	2.3324763885591104
454	3.045050336123779
455	4.5555772545047795
456	2.5530455515659574
457	3.1322803397844363
458	3.0930736520821673
459	2.6379124822493063
460	2.628559428965007
461	3.5524654175529466
462	2.4398423042837147
463	0.0
464	3.211978101883048
465	2.9849789743953647
466	5.118923872458744
467	3.7562632039894495
468	2.7477681534462572
469	3.3288087420717307
470	3.6744538532883366
471	2.592855839554869
472	2.431497879241087
473	3.2445291306057937
474	2.0320715465919883
475	5.050905464844221
476	3.627442216678216
477	7.686502019059744
478	2.244787143900847
479	2.9696864009493558
480	2.055059620941083
481	2.9035944309758004
482	2.723906283837504
483	7.2772349355209744
484	4.5265628269763685
485	2.636660070076438
486	2.7151161233244965
487	5.01608112413518
488	2.515269657519835
489	3.6831990766115346
490	2.5511171050948547
491	2.4871949200816292
492	2.32853862273076
493	2.5784378018328082
494	3.065392081448662
495	1.928108760582946
496	5.068059206463034
497	3.3809987014408343
498	3.106967685232488
499	2.9307621604362755
500	2.65235762530331
501	3.4442591515178465
502	3.425281011569001
503	3.285098258233312
504	3.572941082157646
505	3.5313378636209167
506	3.0132086817902834
507	2.3014010080544063
508	2.8265112362662688
509	2.734974534451234
510	2.907689335264599
511	2.494378471424203
512	3.179935422397286
513	2.976550027994791
514	2.0584914742164093
515	2.769039511829449
516	2.596532341349444
517	2.4945338616052877
518	1.9789315095875266
519	2.7908079063959836
520	2.6073887523504036
521	2.2700508285088117
522	2.9682543599302473
523	2.6529077986902476
524	2.5249276630402653
525	2.815199423248552
526	2.617031277062455
527	2.6605708385005973
528	2.9311388035755703
529	2.96021948103457
530	3.0684720559367484
532	2.8536651468844054
533	2.337416048002764
534	3.438339782950961
535	2.1168388238010762
536	2.5373273811585446
537	2.3428066375596357
538	3.644029212285449
539	2.246478903731738
540	2.7962381823852054
541	2.290546782949844
542	2.058045074588575
543	2.423219509773696
544	3.1910797560746644
545	2.855087222803508
546	2.3263447456310256
547	3.1045805487294866
548	2.750508033132019
549	3.0292823057489344
550	3.6711258105347913
