451	2.807173779551102
452	2.2133627457757847
453	2.008053150037757
454	2.420585821409659
455	2.642290026557684
456	3.7348519550417554
457	2.4543301212374318
458	3.0133917425673613
459	2.169918929118308
460	2.150887080674463
461	2.736029388484292
462	1.9061900092575528
463	0.0
464	2.5570652580336466
465	2.364002042865907
466	3.16118621319951
467	3.1937506096000323
468	2.2987184889249073
469	4.544402033794375
470	3.9963910933625697
471	1.9738252331522421
472	1.8738856729853985
473	2.59049013406999
474	1.6190435686243463
475	4.793805935119771
476	2.4803882158953665
477	3.85185849549987
478	1.8909412789043802
479	2.2175347076486642
480	1.6489072203460289
481	2.795117561415794
482	2.3044273674427975
483	4.685926596072377
484	5.139758240507328
485	2.0125570504627244
486	2.2112239333373926
487	3.33143029672577
488	2.0313435935547477
489	3.167443101904136
490	2.011468433255058
491	1.9910868758884388
492	1.8205775868086471
493	2.1514929674003094
494	3.525289361019163
495	1.5132510102898649
496	4.800505755442226
497	3.4145548869014277
498	2.307449540238591
499	2.7670126454361723
500	2.2475512773762993
501	2.410321506666566
502	2.392759086191635
503	2.484407290256177
504	2.8210665067529863
505	2.5991010608641267
506	3.073815270644357
507	2.030142516271675
508	2.410980626545025
509	2.7008815398771717
510	2.7682464210664195
511	1.9741560219531011
512	2.7893996647447246
513	2.700560470777959
514	1.5660925794989928
515	2.809951840820409
516	2.1781196180949665
517	2.3994860579580704
518	1.4887123142187288
519	2.133702193072572
520	2.0654027130411956
521	1.6281263838120328
522	2.7717526673664805
523	1.9888020717477812
524	3.5094373171418196
525	2.306402976946731
526	2.4818427500027616
527	2.824379108946428
528	2.3619181388563164
529	2.534078658508148
530	2.8468945637878216
532	2.5167899501830107
533	2.0898192500981128
534	2.738465751750199
535	1.755614380241671
536	2.03718943120524
537	1.7002558582692198
538	2.595723727020637
539	1.727612580527271
540	2.151458179316349
541	2.1781113434999364
542	1.4842510802494229
543	2.342337104236164
544	3.4819559035560563
545	2.338278185323298
546	2.3780377776145945
547	2.8929497982487846
548	2.2807518034599417
549	2.6692292565362603
550	3.777202710376979
