451	3.2556938831821958
452	2.4170052834741087
453	2.151605866136919
454	2.7708838743793316
455	2.4081742008711413
456	4.042140924082728
457	2.344222304419693
458	2.852071051933978
459	2.131750968203845
460	2.0982181731698195
461	2.6396935064346616
462	1.8574229399184945
463	0.0
464	2.9193478590461996
465	2.32469196536393
466	2.8124348770116487
467	3.730467071889437
468	2.3012956179448945
469	3.931657879279244
470	3.8508360805183846
471	1.9085143319234232
472	2.270075167537488
473	2.4716650833811347
474	1.536165600326276
475	4.566269905616701
476	2.4425765258315675
477	3.38923196576069
478	1.8632537367125637
479	2.2114823818870515
480	1.6275344362684803
481	2.6084899297961637
482	2.1953888931758345
483	4.26569785850908
484	4.643419755120008
485	1.949288688105569
486	2.808170846047932
487	3.33143029672577
488	1.9735259922469515
489	3.076228717073889
490	1.9318310855874083
491	1.919017250698969
492	1.7305218797974784
493	2.0217109464987546
494	3.292460019893251
495	1.4626536029472454
496	4.800505755442226
497	3.6071554390649707
498	2.6590497664081862
499	2.7138553702215544
500	2.134362331456737
501	2.3066344741686664
502	2.189403532514651
503	2.4097262799183055
504	2.50379647533605
505	2.6190177155426118
506	2.7840265939688242
507	2.1231513966956967
508	2.3285943638642466
509	2.468745132839017
510	2.5351143364762483
511	1.9010023416943265
512	3.0262425636256536
513	2.579139025160569
514	1.5037882555594906
515	2.6213588049845065
516	2.917242153021723
517	3.4449373236199445
518	1.4290484011163775
519	2.8565508857950768
520	1.983424207362432
521	1.8226149446434892
522	2.7316875846100657
523	1.8630559254653827
524	3.2077619221690883
525	2.220380505303403
526	2.398863480605399
527	2.4797052344010613
528	2.2336119444186346
529	2.5253666641639043
530	2.633566609494503
532	2.3446529845020234
533	2.005352782311332
534	2.7559369524212807
535	1.6820691091083302
536	1.9220021251825696
537	1.645527163563802
538	2.595723727020637
539	1.676931154263896
540	2.076468799856335
541	2.3176388203135194
542	1.4126017699222975
543	2.1727645063452203
544	3.4159700599076492
545	2.277988182326914
546	2.324536767343135
547	2.7428966312416665
548	2.2493834813601077
549	2.655146281614909
550	4.090763648994062
