100	100	1	0.179051280578
100	100	10	0.16107266601
100	100	100	0.00291345907511
100	100	20	0.115289737687
100	100	5	0.183964130171
100	100	50	0.0191455882079
100	100	75	0.0124862531791
100	10	1	0.305321861393
100	10	10	0.2626275252
100	10	100	0.181883087975
100	10	20	0.258049232367
100	10	5	0.248892646703
100	10	50	0.205190760576
100	10	75	0.19686659179
100	1	1	0.00960305709991
100	1	10	0.231828100691
100	1	100	0.134851534334
100	1	20	0.230163266934
100	1	5	0.235157768206
100	1	50	0.193536924275
100	1	75	0.157326790056
100	20	1	0.248602024074
100	20	10	0.215595971558
100	20	100	0.097808983236
100	20	20	0.181883087975
100	20	5	0.22641739098
100	20	50	0.139013618727
100	20	75	0.115705946126
100	50	1	0.218978799215
100	50	10	0.191872090518
100	50	100	0.0349615089014
100	50	20	0.146505370634
100	50	5	0.190207256761
100	50	50	0.062015057456
100	50	75	0.0541070971093
100	5	1	0.273197400731
100	5	10	0.235573976645
100	5	100	0.175639961385
100	5	20	0.240568477917
100	5	5	0.210185261847
100	5	50	0.216428388437
100	5	75	0.193536924275
100	75	1	0.205430804294
100	75	10	0.175223752946
100	75	100	0.0149835038149
100	75	20	0.129024616184
100	75	5	0.182299296414
100	75	50	0.0449505114446
100	75	75	0.0328804667049
10	100	1	0.17649396419
10	100	10	0.158575415374
10	100	5	0.177721003582
10	10	1	0.283451541323
10	10	10	0.25638439861
10	10	5	0.230995683813
10	1	1	0.00960305709991
10	1	10	0.22059047283
10	1	5	0.212266304044
10	20	1	0.226392531578
10	20	10	0.220174264391
10	20	5	0.220174264391
10	50	1	0.213320529547
10	50	10	0.198947633986
10	50	5	0.205606969015
10	5	1	0.252503199551
10	5	10	0.228082224737
10	5	5	0.212682512483
10	75	1	0.19593728132
10	75	10	0.168564417917
10	75	5	0.185212755489
1	100	1	0.0221486134833
1	10	1	0.119578227356
1	1	1	0.00892248797618
1	20	1	0.121330289296
1	50	1	0.0848828466697
1	5	1	0.121552506129
1	75	1	0.0538355035487
20	100	1	0.179051280578
20	100	10	0.16107266601
20	100	20	0.115289737687
20	100	5	0.183964130171
20	10	1	0.305321861393
20	10	10	0.2626275252
20	10	20	0.258049232367
20	10	5	0.248892646703
20	1	1	0.00960305709991
20	1	10	0.231828100691
20	1	20	0.230163266934
20	1	5	0.235157768206
20	20	1	0.248602024074
20	20	10	0.215595971558
20	20	20	0.181883087975
20	20	5	0.22641739098
20	50	1	0.218978799215
20	50	10	0.191872090518
20	50	20	0.146505370634
20	50	5	0.190207256761
20	5	1	0.273197400731
20	5	10	0.235573976645
20	5	20	0.240568477917
20	5	5	0.210185261847
20	75	1	0.205430804294
20	75	10	0.175223752946
20	75	20	0.129024616184
20	75	5	0.182299296414
50	100	1	0.179051280578
50	100	10	0.16107266601
50	100	20	0.115289737687
50	100	5	0.183964130171
50	100	50	0.0191455882079
50	10	1	0.305321861393
50	10	10	0.2626275252
50	10	20	0.258049232367
50	10	5	0.248892646703
50	10	50	0.205190760576
50	1	1	0.00960305709991
50	1	10	0.231828100691
50	1	20	0.230163266934
50	1	5	0.235157768206
50	1	50	0.193536924275
50	20	1	0.248602024074
50	20	10	0.215595971558
50	20	20	0.181883087975
50	20	5	0.22641739098
50	20	50	0.139013618727
50	50	1	0.218978799215
50	50	10	0.191872090518
50	50	20	0.146505370634
50	50	5	0.190207256761
50	50	50	0.062015057456
50	5	1	0.273197400731
50	5	10	0.235573976645
50	5	20	0.240568477917
50	5	5	0.210185261847
50	5	50	0.216428388437
50	75	1	0.205430804294
50	75	10	0.175223752946
50	75	20	0.129024616184
50	75	5	0.182299296414
50	75	50	0.0449505114446
5	100	1	0.176247431102
5	100	5	0.182715504854
5	10	1	0.277382785253
5	10	5	0.204774552137
5	1	1	0.00960305709991
5	1	5	0.188126214564
5	20	1	0.236423713542
5	20	5	0.218509430634
5	50	1	0.205499174773
5	50	5	0.213931137801
5	5	1	0.220516147458
5	5	5	0.176472378264
5	75	1	0.197084306917
5	75	5	0.196034174911
75	100	1	0.179051280578
75	100	10	0.16107266601
75	100	20	0.115289737687
75	100	5	0.183964130171
75	100	50	0.0191455882079
75	100	75	0.0124862531791
75	10	1	0.305321861393
75	10	10	0.2626275252
75	10	20	0.258049232367
75	10	5	0.248892646703
75	10	50	0.205190760576
75	10	75	0.19686659179
75	1	1	0.00960305709991
75	1	10	0.231828100691
75	1	20	0.230163266934
75	1	5	0.235157768206
75	1	50	0.193536924275
75	1	75	0.157326790056
75	20	1	0.248602024074
75	20	10	0.215595971558
75	20	20	0.181883087975
75	20	5	0.22641739098
75	20	50	0.139013618727
75	20	75	0.115705946126
75	50	1	0.218978799215
75	50	10	0.191872090518
75	50	20	0.146505370634
75	50	5	0.190207256761
75	50	50	0.062015057456
75	50	75	0.0541070971093
75	5	1	0.273197400731
75	5	10	0.235573976645
75	5	20	0.240568477917
75	5	5	0.210185261847
75	5	50	0.216428388437
75	5	75	0.193536924275
75	75	1	0.205430804294
75	75	10	0.175223752946
75	75	20	0.129024616184
75	75	5	0.182299296414
75	75	50	0.0449505114446
75	75	75	0.0328804667049
