1000	10	0.206911548697
1000	100	0.146114815486
1000	1000	0.116527071989
1000	20	0.204479679369
1000	200	0.147736061705
1000	5	0.217449649121
1000	50	0.159895408347
1000	500	0.120985499091
1000	75	0.148951996369
100	10	0.248253327281
100	100	0.265276412581
100	1000	0.21826027223
100	20	0.227177126435
100	200	0.251090508165
100	5	0.249063950391
100	50	0.265276412581
100	500	0.232851488201
100	75	0.255954246822
10	10	0.239741784632
10	100	0.236499292194
10	1000	0.187051282515
10	20	0.22596119177
10	200	0.210964664245
10	5	0.199210629157
10	50	0.236499292194
10	500	0.203263744705
10	75	0.235688669084
1	10	0.208532794916
1	100	0.175297247427
1	1000	0.10801552934
1	20	0.182998166967
1	200	0.13962983061
1	5	0.197994694493
1	50	0.199210629157
1	500	0.10801552934
1	75	0.185430036296
20	10	0.241768342406
20	100	0.277841070778
20	1000	0.241768342406
20	20	0.256764869931
20	200	0.268518905019
20	5	0.248658638836
20	50	0.280678251661
20	500	0.245416146398
20	75	0.268518905019
250	10	0.221097453114
250	100	0.200021252267
250	1000	0.178134428311
250	20	0.203263744705
250	200	0.193941578946
250	5	0.215828402902
250	50	0.204074367814
250	500	0.179350362975
250	75	0.200426563822
500	10	0.244605523289
500	100	0.169622885661
500	1000	0.143277634602
500	20	0.196373448274
500	200	0.157463539019
500	5	0.214612468238
500	50	0.173676001208
500	500	0.148546684814
500	75	0.177323805201
50	10	0.25838611615
50	100	0.278246382333
50	1000	0.241363030851
50	20	0.2498745735
50	200	0.249469261946
50	5	0.247848015727
50	50	0.27459857834
50	500	0.256359558376
50	75	0.277435759223
5	10	0.20285843315
5	100	0.173270689654
5	1000	0.129497041741
5	20	0.206506237143
5	200	0.15503166969
5	5	0.227582437989
5	50	0.201642498486
5	500	0.154626358135
5	75	0.178134428311
75	10	0.268924216573
75	100	0.270545462792
75	1000	0.227177126435
75	20	0.224745257106
75	200	0.254333000603
75	5	0.249063950391
75	50	0.260007362369
75	500	0.24217365396
75	75	0.271356085902
