100	1	0.165295117322
100	10	0.483610260992
100	15	0.494616665188
100	20	0.502782861582
100	3	0.426550919603
100	5	0.502994325983
10	1	0.372493874052
10	10	0.410555066119
10	15	0.420126381064
10	20	0.390966030485
10	3	0.466497108509
10	5	0.51127616966
1	1	0.101989141654
1	10	0.0383098189516
1	15	-0.0518906133842
1	20	-0.0518906133842
1	3	0.116952900733
1	5	0.105654800699
20	1	0.316444272145
20	10	0.466663462726
20	15	0.459276960037
20	20	0.469480923915
20	3	0.547270264055
20	5	0.421431198631
500	1	0.130362078651
500	10	0.323553141622
500	15	0.357828765087
500	20	0.355831974131
500	3	0.283902710897
500	5	0.283462272945
50	1	0.21927177918
50	10	0.542668285091
50	15	0.5154499006
50	20	0.543960455736
50	3	0.5463038302
50	5	0.511470603779
75	1	0.236006347208
75	10	0.496130330564
75	15	0.544170889072
75	20	0.563709710367
75	3	0.536270084112
75	5	0.539192933108
