1000	10	0.105990313349
1000	100	0.131559960928
1000	1000	0.114651000432
1000	20	0.123724101186
1000	200	0.107227554361
1000	5	0.170739259637
1000	50	0.149706162435
1000	500	0.10640272702
1000	75	0.142282716364
100	10	0.216929590746
100	100	0.138983406999
100	1000	0.085782043489
100	20	0.184348910767
100	200	0.122899273845
100	5	0.235900619595
100	50	0.151768230788
100	500	0.097742039937
100	75	0.144344784717
10	10	0.306423357271
10	100	0.25899578515
10	1000	0.166615122931
10	20	0.307248184612
10	200	0.230126828206
10	5	0.309310252965
10	50	0.280028882351
10	500	0.201257871263
10	75	0.263532335526
1	10	0.164965468248
1	100	0.0861944571596
1	1000	-0.0635117052755
1	20	0.147644094082
1	200	0.00164965468248
1	5	0.157129608506
1	50	0.119187550809
1	500	-0.0626868779343
1	75	0.0915558348777
20	10	0.294463360823
20	100	0.205382007969
20	1000	0.103515831326
20	20	0.287039914752
20	200	0.170326845966
20	5	0.28621508741
20	50	0.246623375031
20	500	0.140220648011
20	75	0.228889587194
250	10	0.174038569002
250	100	0.149293748765
250	1000	0.108052381703
250	20	0.163728227236
250	200	0.127848237892
250	5	0.207856489993
250	50	0.175688223684
250	500	0.113826173091
250	75	0.156304781165
500	10	0.150118576106
500	100	0.138158579658
500	1000	0.109289622714
500	20	0.167027536601
500	200	0.121662032833
500	5	0.160841331542
500	50	0.162078572554
500	500	0.11300134575
500	75	0.153830299141
50	10	0.231776482889
50	100	0.153417885471
50	1000	0.0837199751359
50	20	0.228889587194
50	200	0.129910306245
50	5	0.25239716642
50	50	0.189297874815
50	500	0.0960923852545
50	75	0.163315813566
5	10	0.27920405501
5	100	0.19919580291
5	1000	0.0828951477947
5	20	0.26600681755
5	200	0.160428917871
5	5	0.25940819882
5	50	0.226827518841
5	500	0.123724101186
5	75	0.219816486441
75	10	0.224765450488
75	100	0.141457889023
75	1000	0.0919682485483
75	20	0.210743385687
75	200	0.124136514857
75	5	0.230951655547
75	50	0.155892367494
75	500	0.0956799715839
75	75	0.143519957376
