100	100	1	0.188211316664
100	100	10	0.250823612348
100	100	100	0.118906808855
100	100	20	0.225387612855
100	100	5	0.233116806267
100	100	50	0.160954073323
100	100	75	0.134479869769
100	10	1	0.287234902241
100	10	10	0.349211905885
100	10	100	0.2534191225
100	10	20	0.336994549406
100	10	5	0.340111605189
100	10	50	0.29293576457
100	10	75	0.267240214061
100	1	1	0.0304911326124
100	1	10	0.332034495595
100	1	100	0.2682522714
100	1	20	0.344633284242
100	1	5	0.326527671103
100	1	50	0.310705708716
100	1	75	0.282296351722
100	20	1	0.277854112958
100	20	10	0.329727120979
100	20	100	0.22564716387
100	20	20	0.29293576457
100	20	5	0.322403023123
100	20	50	0.261270540711
100	20	75	0.239922469708
100	50	1	0.236681718445
100	50	10	0.290080703402
100	50	100	0.162641154922
100	50	20	0.258285704036
100	50	5	0.282822435661
100	50	50	0.194955256318
100	50	75	0.17555381793
100	5	1	0.293577757605
100	5	10	0.366822821017
100	5	100	0.285862999404
100	5	20	0.357138673305
100	5	5	0.342870178228
100	5	50	0.320615583934
100	5	75	0.298451223643
100	75	1	0.204546969767
100	75	10	0.267953979353
100	75	100	0.134155431
100	75	20	0.238365163616
100	75	5	0.247976583201
100	75	50	0.174126287346
100	75	75	0.146419216469
10	100	1	0.198890927669
10	100	10	0.265821293492
10	100	5	0.247386658631
10	10	1	0.269469635378
10	10	10	0.356738003085
10	10	5	0.337414482717
10	1	1	0.0304911326124
10	1	10	0.324720547714
10	1	5	0.319438672364
10	20	1	0.273209224459
10	20	10	0.336146234999
10	20	5	0.32525778534
10	50	1	0.237116477518
10	50	10	0.301140884572
10	50	5	0.290926236073
10	5	1	0.279709673783
10	5	10	0.365501703843
10	5	5	0.33086736411
10	75	1	0.21105919694
10	75	10	0.278854291945
10	75	5	0.261887788396
1	100	1	0.0500908790853
1	10	1	0.0802362332215
1	1	1	0.0307784656944
1	20	1	0.0802362332215
1	50	1	0.0907290467338
1	5	1	0.0187232743125
1	75	1	0.0500908790853
20	100	1	0.194926689317
20	100	10	0.265747795724
20	100	20	0.240960673769
20	100	5	0.24372543361
20	10	1	0.286847367017
20	10	10	0.354721110925
20	10	20	0.342169750407
20	10	5	0.343234372831
20	1	1	0.0304911326124
20	1	10	0.339400620987
20	1	20	0.350556288592
20	1	5	0.344509524327
20	20	1	0.280092852408
20	20	10	0.335161532497
20	20	20	0.296050376752
20	20	5	0.326594985456
20	50	1	0.240426750749
20	50	10	0.300203192996
20	50	20	0.267369989569
20	50	5	0.290832683304
20	5	1	0.286281779515
20	5	10	0.36975882956
20	5	20	0.362949010463
20	5	5	0.338953454044
20	75	1	0.209264108846
20	75	10	0.277557366917
20	75	20	0.249266306256
20	75	5	0.254794715499
50	100	1	0.190139044186
50	100	10	0.25886969382
50	100	20	0.232655041281
50	100	5	0.236361299047
50	100	50	0.171141450671
50	10	1	0.286605181074
50	10	10	0.352036704807
50	10	20	0.338162528974
50	10	5	0.341054985964
50	10	50	0.299554315458
50	1	1	0.0304911326124
50	1	10	0.332160303083
50	1	20	0.343484462455
50	1	5	0.33245223087
50	1	50	0.316947196507
50	20	1	0.280512155736
50	20	10	0.331479090332
50	20	20	0.294363295153
50	20	5	0.32344569723
50	20	50	0.268148642615
50	50	1	0.23981416629
50	50	10	0.294233519646
50	50	20	0.26295762231
50	50	5	0.287494505265
50	50	50	0.203390664314
50	5	1	0.28598925671
50	5	10	0.36646076446
50	5	20	0.360563077326
50	5	5	0.34182699321
50	5	50	0.328802223651
50	75	1	0.205372378272
50	75	10	0.273469438427
50	75	20	0.243296632906
50	75	5	0.253362441216
50	75	50	0.180615062727
5	100	1	0.190935502702
5	100	5	0.241518263484
5	10	1	0.253446532472
5	10	5	0.327718662807
5	1	1	0.0304911326124
5	1	5	0.303373732419
5	20	1	0.250455204234
5	20	5	0.32543728946
5	50	1	0.223914483538
5	50	5	0.289910846816
5	5	1	0.270770660236
5	5	5	0.310111947621
5	75	1	0.197322329281
5	75	5	0.254548456758
75	100	1	0.18941085048
75	100	10	0.253678673515
75	100	20	0.229475541345
75	100	5	0.234414603379
75	100	50	0.165690879351
75	100	75	0.138827349274
75	10	1	0.285900786111
75	10	10	0.349990672447
75	10	20	0.33673499839
75	10	5	0.339430571751
75	10	50	0.297802346105
75	10	75	0.272431234366
75	1	1	0.0304911326124
75	1	10	0.334219941109
75	1	20	0.344157842354
75	1	5	0.328547663654
75	1	50	0.312787120572
75	1	75	0.286109529052
75	20	1	0.27875336199
75	20	10	0.330116447502
75	20	20	0.293649529861
75	20	5	0.321429486063
75	20	50	0.264579816155
75	20	75	0.245113490013
75	50	1	0.23786146695
75	50	10	0.291183795217
75	50	20	0.260426999911
75	50	5	0.283341554506
75	50	50	0.197745429732
75	50	75	0.181588379034
75	5	1	0.291886582589
75	5	10	0.366725930626
75	5	20	0.357073780297
75	5	5	0.341330280933
75	5	50	0.32347069134
75	5	75	0.302836051452
75	75	1	0.205301473608
75	75	10	0.269381509937
75	75	20	0.241285112538
75	75	5	0.248625481757
75	75	50	0.177370675036
75	75	75	0.149923155175
