1000	10	0.499460736371
1000	100	0.49104994584
1000	1000	0.455601666332
1000	20	0.511850864202
1000	200	0.482097310335
1000	5	0.473903607921
1000	50	0.501099364674
1000	500	0.466723829693
1000	75	0.503919324275
100	10	0.576378445686
100	100	0.610695315384
100	1000	0.573056557829
100	20	0.565133389852
100	200	0.607515255165
100	5	0.575360973267
100	50	0.597391227581
100	500	0.591871728221
100	75	0.602745466166
10	10	0.485132918666
10	100	0.463428427883
10	1000	0.456602055337
10	20	0.469228199526
10	200	0.458999952587
10	5	0.49479250878
10	50	0.459161869469
10	500	0.445255364519
10	75	0.462041910895
1	10	0.407747219729
1	100	0.252702827184
1	1000	0.163054048518
1	20	0.348065457128
1	200	0.197810981875
1	5	0.38483086979
1	50	0.29999089594
1	500	0.163054048518
1	75	0.287671387459
20	10	0.544766786319
20	100	0.546782072921
20	1000	0.522421641842
20	20	0.525535877838
20	200	0.539720489211
20	5	0.564493671455
20	50	0.535271303933
20	500	0.507917309932
20	75	0.549918436028
250	10	0.553477381758
250	100	0.547293593954
250	1000	0.51444773527
250	20	0.547565124264
250	200	0.54368218769
250	5	0.55532045537
250	50	0.555379389874
250	500	0.531223935861
250	75	0.552204182783
500	10	0.561965459621
500	100	0.525195228149
500	1000	0.488327796498
500	20	0.546178183568
500	200	0.512117032222
500	5	0.511582409148
500	50	0.530452681973
500	500	0.500364889557
500	75	0.530571839735
50	10	0.58230158452
50	100	0.606263206477
50	1000	0.57170188971
50	20	0.563491387687
50	200	0.593781167343
50	5	0.556226955133
50	50	0.593192802331
50	500	0.587453456763
50	75	0.595024906753
5	10	0.456676022864
5	100	0.344838806759
5	1000	0.336682112172
5	20	0.399923554265
5	200	0.321147512666
5	5	0.465934528339
5	50	0.371819589906
5	500	0.327136376009
5	75	0.349601154827
75	10	0.59098209736
75	100	0.614842755759
75	1000	0.574769456619
75	20	0.562610339361
75	200	0.61109763562
75	5	0.583847712405
75	50	0.591469300508
75	500	0.594588608525
75	75	0.60481959865
