100	100	1	0.381124657296
100	100	10	0.35300471402
100	100	100	0.271248943656
100	100	20	0.374640800926
100	100	5	0.370066182263
100	100	50	0.289748595605
100	100	75	0.293746134164
100	10	1	0.470295730845
100	10	10	0.442221545211
100	10	100	0.403098873659
100	10	20	0.456980357729
100	10	5	0.45174292364
100	10	50	0.417553732451
100	10	75	0.417145615617
100	1	1	0.0500451056329
100	1	10	0.475581554722
100	1	100	0.485730047673
100	1	20	0.480793259802
100	1	5	0.453976920661
100	1	50	0.478079659294
100	1	75	0.482183798798
100	20	1	0.418120020603
100	20	10	0.415267948126
100	20	100	0.378955039393
100	20	20	0.428197535363
100	20	5	0.43364990692
100	20	50	0.381943918022
100	20	75	0.38795003757
100	50	1	0.402608260601
100	50	10	0.37032745313
100	50	100	0.30140214499
100	50	20	0.392440748802
100	50	5	0.38186106111
100	50	50	0.328200252443
100	50	75	0.319778096128
100	5	1	0.462296516485
100	5	10	0.467602166692
100	5	100	0.44566507926
100	5	20	0.488023169756
100	5	5	0.428433510214
100	5	50	0.454521797913
100	5	75	0.455401083649
100	75	1	0.381582812616
100	75	10	0.349237129222
100	75	100	0.278959186526
100	75	20	0.373455268449
100	75	5	0.360346070303
100	75	50	0.297355175401
100	75	75	0.294652548774
10	100	1	0.415516482698
10	100	10	0.357813313603
10	100	5	0.381437322376
10	10	1	0.48372274276
10	10	10	0.429675764634
10	10	5	0.451524098776
10	1	1	0.0500451056329
10	1	10	0.399936863771
10	1	5	0.412811308731
10	20	1	0.412931125741
10	20	10	0.407153653191
10	20	5	0.427665794296
10	50	1	0.415928620764
10	50	10	0.375239073607
10	50	5	0.390670627042
10	5	1	0.45768234911
10	5	10	0.448960969988
10	5	5	0.409692649321
10	75	1	0.413431277615
10	75	10	0.351214569059
10	75	5	0.372755680242
1	100	1	-0.00845715524977
1	10	1	0.0500451056329
1	1	1	0.0500451056329
1	20	1	-0.00845715524977
1	50	1	-0.00845715524977
1	5	1	0.0500451056329
1	75	1	-0.00845715524977
20	100	1	0.381124657296
20	100	10	0.35300471402
20	100	20	0.374640800926
20	100	5	0.370066182263
20	10	1	0.470295730845
20	10	10	0.442221545211
20	10	20	0.456980357729
20	10	5	0.45174292364
20	1	1	0.0500451056329
20	1	10	0.475581554722
20	1	20	0.480793259802
20	1	5	0.453976920661
20	20	1	0.418120020603
20	20	10	0.415267948126
20	20	20	0.428197535363
20	20	5	0.43364990692
20	50	1	0.402608260601
20	50	10	0.37032745313
20	50	20	0.392440748802
20	50	5	0.38186106111
20	5	1	0.462296516485
20	5	10	0.467602166692
20	5	20	0.488023169756
20	5	5	0.428433510214
20	75	1	0.381582812616
20	75	10	0.349237129222
20	75	20	0.373455268449
20	75	5	0.360346070303
50	100	1	0.381124657296
50	100	10	0.35300471402
50	100	20	0.374640800926
50	100	5	0.370066182263
50	100	50	0.289748595605
50	10	1	0.470295730845
50	10	10	0.442221545211
50	10	20	0.456980357729
50	10	5	0.45174292364
50	10	50	0.417553732451
50	1	1	0.0500451056329
50	1	10	0.475581554722
50	1	20	0.480793259802
50	1	5	0.453976920661
50	1	50	0.478079659294
50	20	1	0.418120020603
50	20	10	0.415267948126
50	20	20	0.428197535363
50	20	5	0.43364990692
50	20	50	0.381943918022
50	50	1	0.402608260601
50	50	10	0.37032745313
50	50	20	0.392440748802
50	50	5	0.38186106111
50	50	50	0.328200252443
50	5	1	0.462296516485
50	5	10	0.467602166692
50	5	20	0.488023169756
50	5	5	0.428433510214
50	5	50	0.454521797913
50	75	1	0.381582812616
50	75	10	0.349237129222
50	75	20	0.373455268449
50	75	5	0.360346070303
50	75	50	0.297355175401
5	100	1	0.37166704644
5	100	5	0.361494573967
5	10	1	0.44619539865
5	10	5	0.426797623305
5	1	1	0.0500451056329
5	1	5	0.282442783791
5	20	1	0.360528804034
5	20	5	0.402438850926
5	50	1	0.382270772354
5	50	5	0.366747418588
5	5	1	0.428964482179
5	5	5	0.354806060139
5	75	1	0.37667904196
5	75	5	0.34919727362
75	100	1	0.381124657296
75	100	10	0.35300471402
75	100	20	0.374640800926
75	100	5	0.370066182263
75	100	50	0.289748595605
75	100	75	0.293746134164
75	10	1	0.470295730845
75	10	10	0.442221545211
75	10	20	0.456980357729
75	10	5	0.45174292364
75	10	50	0.417553732451
75	10	75	0.417145615617
75	1	1	0.0500451056329
75	1	10	0.475581554722
75	1	20	0.480793259802
75	1	5	0.453976920661
75	1	50	0.478079659294
75	1	75	0.482183798798
75	20	1	0.418120020603
75	20	10	0.415267948126
75	20	20	0.428197535363
75	20	5	0.43364990692
75	20	50	0.381943918022
75	20	75	0.38795003757
75	50	1	0.402608260601
75	50	10	0.37032745313
75	50	20	0.392440748802
75	50	5	0.38186106111
75	50	50	0.328200252443
75	50	75	0.319778096128
75	5	1	0.462296516485
75	5	10	0.467602166692
75	5	20	0.488023169756
75	5	5	0.428433510214
75	5	50	0.454521797913
75	5	75	0.455401083649
75	75	1	0.381582812616
75	75	10	0.349237129222
75	75	20	0.373455268449
75	75	5	0.360346070303
75	75	50	0.297355175401
75	75	75	0.294652548774
