100	100	1	0.150140798278
100	100	10	0.211134054079
100	100	100	-0.000540108853603
100	100	20	0.13041908285
100	100	5	0.201656380803
100	100	50	0.0123537046048
100	100	75	0.00151224423261
100	10	1	0.380859323926
100	10	10	0.412619794021
100	10	100	0.278309383866
100	10	20	0.38707626146
100	10	5	0.417341429729
100	10	50	0.298001949966
100	10	75	0.295953234103
100	1	1	0.0474324142763
100	1	10	0.363462471259
100	1	100	0.220099112507
100	1	20	0.323571501278
100	1	5	0.366573415856
100	1	50	0.294428719678
100	1	75	0.252636309579
100	20	1	0.295082322678
100	20	10	0.33964378443
100	20	100	0.134475000742
100	20	20	0.232851623975
100	20	5	0.345772130347
100	20	50	0.149705635603
100	20	75	0.149443202569
100	50	1	0.233483158893
100	50	10	0.275268663924
100	50	100	0.00751720420658
100	50	20	0.177992851206
100	50	5	0.267791442227
100	50	50	0.0616526079271
100	50	75	0.0356224710119
100	5	1	0.342676430071
100	5	10	0.404572800377
100	5	100	0.295787236187
100	5	20	0.388367272072
100	5	5	0.371063045516
100	5	50	0.336323634541
100	5	75	0.317578186841
100	75	1	0.18057435889
100	75	10	0.236411068034
100	75	100	-0.00945140276388
100	75	20	0.15187502424
100	75	5	0.226881356559
100	75	50	0.0337945151478
100	75	75	0.0208920849547
10	100	1	0.139008354906
10	100	10	0.221023693079
10	100	5	0.201964288206
10	10	1	0.316349444112
10	10	10	0.389748870683
10	10	5	0.380430636414
10	1	1	0.0474324142763
10	1	10	0.339751654977
10	1	5	0.348729702377
10	20	1	0.254906393167
10	20	10	0.346323011185
10	20	5	0.335673093319
10	50	1	0.219073347214
10	50	10	0.296295888938
10	50	5	0.275132429175
10	5	1	0.292896473454
10	5	10	0.39669547295
10	5	5	0.357276329877
10	75	1	0.169444286418
10	75	10	0.253128320488
10	75	5	0.233071548914
1	100	1	0.0424956402273
1	10	1	0.13775559301
1	1	1	0.0183156793908
1	20	1	0.141857876774
1	50	1	0.0894083336936
1	5	1	0.167888355648
1	75	1	0.0471962729031
20	100	1	0.150140798278
20	100	10	0.211134054079
20	100	20	0.13041908285
20	100	5	0.201656380803
20	10	1	0.380859323926
20	10	10	0.412619794021
20	10	20	0.38707626146
20	10	5	0.417341429729
20	1	1	0.0474324142763
20	1	10	0.363462471259
20	1	20	0.323571501278
20	1	5	0.366573415856
20	20	1	0.295082322678
20	20	10	0.33964378443
20	20	20	0.232851623975
20	20	5	0.345772130347
20	50	1	0.233483158893
20	50	10	0.275268663924
20	50	20	0.177992851206
20	50	5	0.267791442227
20	5	1	0.342676430071
20	5	10	0.404572800377
20	5	20	0.388367272072
20	5	5	0.371063045516
20	75	1	0.18057435889
20	75	10	0.236411068034
20	75	20	0.15187502424
20	75	5	0.226881356559
50	100	1	0.150140798278
50	100	10	0.211134054079
50	100	20	0.13041908285
50	100	5	0.201656380803
50	100	50	0.0123537046048
50	10	1	0.380859323926
50	10	10	0.412619794021
50	10	20	0.38707626146
50	10	5	0.417341429729
50	10	50	0.298001949966
50	1	1	0.0474324142763
50	1	10	0.363462471259
50	1	20	0.323571501278
50	1	5	0.366573415856
50	1	50	0.294428719678
50	20	1	0.295082322678
50	20	10	0.33964378443
50	20	20	0.232851623975
50	20	5	0.345772130347
50	20	50	0.149705635603
50	50	1	0.233483158893
50	50	10	0.275268663924
50	50	20	0.177992851206
50	50	5	0.267791442227
50	50	50	0.0616526079271
50	5	1	0.342676430071
50	5	10	0.404572800377
50	5	20	0.388367272072
50	5	5	0.371063045516
50	5	50	0.336323634541
50	75	1	0.18057435889
50	75	10	0.236411068034
50	75	20	0.15187502424
50	75	5	0.226881356559
50	75	50	0.0337945151478
5	100	1	0.124652352543
5	100	5	0.19825391681
5	10	1	0.252202354634
5	10	5	0.323115600339
5	1	1	0.0466998182834
5	1	5	0.314018069577
5	20	1	0.220686642738
5	20	5	0.317416550892
5	50	1	0.196075991742
5	50	5	0.26860717645
5	5	1	0.245352207674
5	5	5	0.299220964419
5	75	1	0.149835959162
5	75	5	0.231263753975
75	100	1	0.150140798278
75	100	10	0.211134054079
75	100	20	0.13041908285
75	100	5	0.201656380803
75	100	50	0.0123537046048
75	100	75	0.00151224423261
75	10	1	0.380859323926
75	10	10	0.412619794021
75	10	20	0.38707626146
75	10	5	0.417341429729
75	10	50	0.298001949966
75	10	75	0.295953234103
75	1	1	0.0474324142763
75	1	10	0.363462471259
75	1	20	0.323571501278
75	1	5	0.366573415856
75	1	50	0.294428719678
75	1	75	0.252636309579
75	20	1	0.295082322678
75	20	10	0.33964378443
75	20	20	0.232851623975
75	20	5	0.345772130347
75	20	50	0.149705635603
75	20	75	0.149443202569
75	50	1	0.233483158893
75	50	10	0.275268663924
75	50	20	0.177992851206
75	50	5	0.267791442227
75	50	50	0.0616526079271
75	50	75	0.0356224710119
75	5	1	0.342676430071
75	5	10	0.404572800377
75	5	20	0.388367272072
75	5	5	0.371063045516
75	5	50	0.336323634541
75	5	75	0.317578186841
75	75	1	0.18057435889
75	75	10	0.236411068034
75	75	20	0.15187502424
75	75	5	0.226881356559
75	75	50	0.0337945151478
75	75	75	0.0208920849547
