100	100	1	0.180740627065
100	100	10	0.191455882079
100	100	100	0.0391235932944
100	100	20	0.149418829709
100	100	5	0.19103967364
100	100	50	0.0836578962997
100	100	75	0.0624312658953
100	10	1	0.284370429438
100	10	10	0.255968190171
100	10	100	0.198115217108
100	10	20	0.246811604506
100	10	5	0.225608229086
100	10	50	0.23266051757
100	10	75	0.206855594333
100	1	1	0.00960305709991
100	1	10	0.244102642102
100	1	100	0.139950089523
100	1	20	0.230956720324
100	1	5	0.231645484245
100	1	50	0.184202416108
100	1	75	0.157078309435
100	20	1	0.225884022117
100	20	10	0.238071227281
100	20	100	0.143591911559
100	20	20	0.196450383351
100	20	5	0.231019496573
100	20	50	0.162737499767
100	20	75	0.149418829709
100	50	1	0.207092065073
100	50	10	0.219341847512
100	50	100	0.0740851021957
100	50	20	0.173975127628
100	50	5	0.206023177454
100	50	50	0.0990576085539
100	50	75	0.0969765663574
100	5	1	0.244342788385
100	5	10	0.225584974102
100	5	100	0.194785549593
100	5	20	0.234741559766
100	5	5	0.198029618076
100	5	50	0.215595971558
100	5	75	0.20852042809
100	75	1	0.187123217223
100	75	10	0.201861093061
100	75	100	0.0607664321381
100	75	20	0.157742998495
100	75	5	0.195201758033
100	75	50	0.0957279410394
100	75	75	0.0819930625425
10	100	1	0.169272916908
10	100	10	0.192308121472
10	100	5	0.188561859365
10	10	1	0.267330542063
10	10	10	0.258363878397
10	10	5	0.209547320482
10	1	1	0.00960305709991
10	1	10	0.229933860196
10	1	5	0.220859473606
10	20	1	0.221545389018
10	20	10	0.23559826137
10	20	5	0.223063627219
10	50	1	0.204870536288
10	50	10	0.219364458908
10	50	5	0.212331970342
10	5	1	0.228562147492
10	5	10	0.211497810584
10	5	5	0.192433125174
10	75	1	0.183646979463
10	75	10	0.201465651066
10	75	5	0.201923540424
1	100	1	0.0221486134833
1	10	1	0.119578227356
1	1	1	0.00892248797618
1	20	1	0.121330289296
1	50	1	0.0848828466697
1	5	1	0.121552506129
1	75	1	0.0538355035487
20	100	1	0.17656334545
20	100	10	0.196450383351
20	100	20	0.143591911559
20	100	5	0.191475618781
20	10	1	0.276529653557
20	10	10	0.260989593426
20	10	20	0.241400894795
20	10	5	0.220844107224
20	1	1	0.00960305709991
20	1	10	0.245043786352
20	1	20	0.240545724028
20	1	5	0.236147907179
20	20	1	0.230291507188
20	20	10	0.23559826137
20	20	20	0.18479654705
20	20	5	0.216034448147
20	50	1	0.213064969961
20	50	10	0.22059047283
20	50	20	0.164818541964
20	50	5	0.209374426624
20	5	1	0.230178861956
20	5	10	0.217721900241
20	5	20	0.22641739098
20	5	5	0.195404965861
20	75	1	0.194161604702
20	75	10	0.206023177454
20	75	20	0.154413330981
20	75	5	0.196054383578
50	100	1	0.180428064188
50	100	10	0.192288298957
50	100	20	0.146921579074
50	100	5	0.193556875507
50	100	50	0.0753337275137
50	10	1	0.279924927518
50	10	10	0.25974083939
50	10	20	0.241817103234
50	10	5	0.226856983121
50	10	50	0.220174264391
50	1	1	0.00960305709991
50	1	10	0.24025267552
50	1	20	0.226987711866
50	1	5	0.227747880726
50	1	50	0.186619179877
50	20	1	0.228529260726
50	20	10	0.23476575868
50	20	20	0.193120715836
50	20	5	0.234349507335
50	20	50	0.159407832253
50	50	1	0.20937336749
50	50	10	0.218093222194
50	50	20	0.17272650231
50	50	5	0.208125672588
50	50	50	0.0886523975713
50	5	1	0.235072826198
50	5	10	0.220174264391
50	5	20	0.222671515027
50	5	5	0.196459873947
50	5	50	0.213931137801
50	75	1	0.187834857639
50	75	10	0.202277301501
50	75	20	0.161488874449
50	75	5	0.196470634924
50	75	50	0.0782471865888
5	100	1	0.169511193056
5	100	5	0.187240150205
5	10	1	0.264921008077
5	10	5	0.186914141003
5	1	1	0.00960305709991
5	1	5	0.223333145266
5	20	1	0.225434633218
5	20	5	0.211146252278
5	50	1	0.19643539222
5	50	5	0.207737007347
5	5	1	0.213360301316
5	5	5	0.163309893523
5	75	1	0.186668342197
5	75	5	0.195773415799
75	100	1	0.176060495236
75	100	10	0.188542423004
75	100	20	0.149835038149
75	100	5	0.19103967364
75	100	50	0.0819930625425
75	100	75	0.0545233055486
75	10	1	0.27784073202
75	10	10	0.251832063832
75	10	20	0.24473056231
75	10	5	0.223110721015
75	10	50	0.22641739098
75	10	75	0.207688011212
75	1	1	0.00960305709991
75	1	10	0.240339909467
75	1	20	0.227126572129
75	1	5	0.227708614851
75	1	50	0.187039967205
75	1	75	0.15874935528
75	20	1	0.223972649915
75	20	10	0.234349507335
75	20	20	0.190207256761
75	20	5	0.228521988502
75	20	50	0.158159206935
75	20	75	0.149835038149
75	50	1	0.202640807847
75	50	10	0.215595971558
75	50	20	0.174807544507
75	50	5	0.206855594333
75	50	50	0.0940631072822
75	50	75	0.0957279410394
75	5	1	0.235363219334
75	5	10	0.223920140344
75	5	20	0.228498433177
75	5	5	0.19602822422
75	5	50	0.21434734624
75	5	75	0.210601470287
75	75	1	0.183172616827
75	75	10	0.199780050865
75	75	20	0.158575415374
75	75	5	0.192704507397
75	75	50	0.088236189132
75	75	75	0.0749175190743
