100	1	-0.0248088304
100	10	0.0858072758409
100	15	0.0493128017022
100	20	0.0602371976093
100	3	0.030962614124
100	5	0.066555516241
10	1	0.155212521825
10	10	0.241093142324
10	15	0.236512321628
10	20	0.241074322486
10	3	0.144994612395
10	5	0.239861349884
1	1	0.0324946244957
1	10	0.0648513959604
1	15	0.0606399212292
1	20	-0.0145687970812
1	3	-0.002717460104
1	5	0.0181686831852
20	1	0.0474237236133
20	10	0.108753317674
20	15	0.126181913366
20	20	0.14199859983
20	3	0.106427280703
20	5	0.135946680649
500	1	-0.0985609070609
500	10	-0.0223155058517
500	15	0.0304302999592
500	20	0.027515170965
500	3	-0.0722765000311
500	5	-0.0586650336916
50	1	0.00833999202283
50	10	0.0979222910796
50	15	0.0860767156002
50	20	0.104297705122
50	3	0.0279941567327
50	5	0.0711956127644
75	1	-0.00917244342935
75	10	0.105008566315
75	15	0.110223057917
75	20	0.0891599600109
75	3	0.0595763176406
75	5	0.101074181436
