100	1	0.0760787660913
100	10	0.208718176519
100	15	0.211947338612
100	20	0.211360944044
100	3	0.100487193448
100	5	0.175839572524
10	1	0.149150209826
10	10	0.346075327301
10	15	0.368286393929
10	20	0.351560859001
10	3	0.317286727105
10	5	0.331702533449
1	1	0.0618471768192
1	10	0.0752862284507
1	15	0.0752862284507
1	20	0.0752862284507
1	3	0.0198196130004
1	5	0.0666198590313
20	1	0.109173517327
20	10	0.363388236315
20	15	0.374522402162
20	20	0.372505104924
20	3	0.265762367278
20	5	0.314923668666
500	1	0.0108788280874
500	10	0.0242731421482
500	15	0.0194603157663
500	20	0.0163530390412
500	3	0.00714148135981
500	5	0.044695309996
50	1	0.12957970966
50	10	0.276075792049
50	15	0.266328258546
50	20	0.262797321531
50	3	0.17777980842
50	5	0.229147926638
75	1	0.118270205162
75	10	0.235939087339
75	15	0.245745860383
75	20	0.251851338274
75	3	0.154565026701
75	5	0.201186186334
