100	1	0.00632278724441
100	10	0.151066781788
100	15	0.151522165425
100	20	0.152317231984
100	3	0.0598866370186
100	5	0.126800152667
10	1	0.0805582811203
10	10	0.327806969127
10	15	0.364571165405
10	20	0.338653970393
10	3	0.288071014493
10	5	0.34476506041
1	1	0.0298298175839
1	10	0.0907964737984
1	15	0.0907964737984
1	20	0.0907964737984
1	3	0.0671843980083
1	5	0.106468722846
20	1	0.0330155093656
20	10	0.330443251157
20	15	0.34838519244
20	20	0.333797775812
20	3	0.245910977604
20	5	0.292244365821
500	1	-0.000393842687076
500	10	-0.0158289049846
500	15	-0.0306342911007
500	20	-0.028566321643
500	3	-0.0186627237751
500	5	0.018712539464
50	1	0.0636571343998
50	10	0.229263077955
50	15	0.216042963584
50	20	0.210654979945
50	3	0.12298596267
50	5	0.201673188316
75	1	0.0463654633786
75	10	0.186898269735
75	15	0.194401116525
75	20	0.189167523844
75	3	0.104953848111
75	5	0.1772655998
