1000	10	0.0208104219651
1000	100	0.0495288042769
1000	1000	0.0270535485546
1000	20	0.0353777173407
1000	200	0.0258049232367
1000	5	0.0903172313285
1000	50	0.0649285165311
1000	500	0.0228914641616
1000	75	0.0591015983809
100	10	0.145256745316
100	100	0.0424532608088
100	1000	-0.00832416878604
100	20	0.0990576085539
100	200	0.0349615089014
100	5	0.163986125085
100	50	0.0603502236988
100	500	0.00291345907511
100	75	0.0566043477451
10	10	0.240568477917
10	100	0.177304795143
10	1000	0.070339226242
10	20	0.224336348784
10	200	0.144840536877
10	5	0.26221131676
10	50	0.193536924275
10	500	0.112376278612
10	75	0.183131713293
1	10	0.103635901386
1	100	0.0270535485546
1	1000	-0.0894848144499
1	20	0.100306233872
1	200	-0.0557719308665
1	5	0.106549360461
1	50	0.0720040599992
1	500	-0.0915658566464
1	75	0.0416208439302
20	10	0.225168765662
20	100	0.120284238958
20	1000	0.0108214194219
20	20	0.19686659179
20	200	0.0836578962997
20	5	0.23266051757
20	50	0.158991623813
20	500	0.0507774295948
20	75	0.14317570312
250	10	0.0899010228892
250	100	0.052442263352
250	1000	0.00582691815023
250	20	0.0707554346813
250	200	0.0328804667049
250	5	0.150667455027
250	50	0.0720040599992
250	500	0.0124862531791
250	75	0.0624312658953
500	10	0.0724202684385
500	100	0.0503612211555
500	1000	0.0149835038149
500	20	0.0815768541032
500	200	0.0270535485546
500	5	0.0861551469355
500	50	0.0715878515599
500	500	0.0208104219651
500	75	0.0611826405774
50	10	0.171477876992
50	100	0.0682581840455
50	1000	-0.00874037722534
50	20	0.151499871906
50	200	0.0416208439302
50	5	0.20269350994
50	50	0.109462819536
50	500	0.00541070971093
50	75	0.084074104739
5	10	0.216012179998
5	100	0.124862531791
5	1000	-0.00291345907511
5	20	0.185628963929
5	200	0.0857389384962
5	5	0.219341847512
5	50	0.151916080345
5	500	0.0337128835835
5	75	0.141927077802
75	10	0.153164705663
75	100	0.0503612211555
75	1000	-0.00915658566464
75	20	0.11903561364
75	200	0.0366263426586
75	5	0.164402333524
75	50	0.0670095587276
75	500	0.000832416878604
75	75	0.0574367646237
