1000	10	0.049054304826
1000	100	0.0530505064085
1000	1000	0.0212968065491
1000	20	0.0425713033113
1000	200	0.0288820397751
1000	5	0.138472474766
1000	50	0.063349334582
1000	500	0.0263281931201
1000	75	0.0649376631834
100	10	0.18449447013
100	100	0.0536975213329
100	1000	-0.0377500474097
100	20	0.127986827995
100	200	0.0330009599908
100	5	0.205187655073
100	50	0.0793157660619
100	500	-0.0176272430624
100	75	0.0734125281565
10	10	0.328639992574
10	100	0.247815579901
10	1000	0.11330022157
10	20	0.306452022863
10	200	0.195046287092
10	5	0.343646522702
10	50	0.27077675736
10	500	0.153162970887
10	75	0.25424723744
1	10	0.142318620949
1	100	0.0645593034815
1	1000	-0.0820032021605
1	20	0.152456625483
1	200	-0.0260024828523
1	5	0.136492354065
1	50	0.1131672152
1	500	-0.0869733875559
1	75	0.0924500327316
20	10	0.305196478753
20	100	0.168519373954
20	1000	0.0266763866272
20	20	0.26170122491
20	200	0.118448307779
20	5	0.29888377817
20	50	0.216138596151
20	500	0.068027733642
20	75	0.186148743473
250	10	0.141905422076
250	100	0.0679903851145
250	1000	-0.0015974674065
250	20	0.0889784894378
250	200	0.043804911007
250	5	0.227722600319
250	50	0.0960399873781
250	500	0.0126063320874
250	75	0.0851186948712
500	10	0.119360868066
500	100	0.0709510597971
500	1000	0.0224958197937
500	20	0.0942683902192
500	200	0.038543433327
500	5	0.169799980078
500	50	0.0868294262509
500	500	0.0283143009476
500	75	0.0848193825541
50	10	0.220477221712
50	100	0.0942364138958
50	1000	-0.032044966289
50	20	0.198800694961
50	200	0.0553007361249
50	5	0.273712369708
50	50	0.150209707563
50	500	-0.00101862339876
50	75	0.124128213578
5	10	0.281180332783
5	100	0.189790895746
5	1000	0.0592738514813
5	20	0.256252970141
5	200	0.151347765282
5	5	0.272331745168
5	50	0.201804600103
5	500	0.0910686318677
5	75	0.19776918116
75	10	0.195037575614
75	100	0.068478692649
75	1000	-0.0415105195909
75	20	0.143347782907
75	200	0.038193256192
75	5	0.225442656984
75	50	0.0911592176834
75	500	-0.0147818725919
75	75	0.0761851839674
