101	2.937344824199087
102	2.9509419631510334
103	2.747927546350768
104	2.575052718266791
105	2.7478421263554917
106	2.7342446696825844
107	2.8982882892228568
108	2.755511991596049
109	3.4519036727084664
110	2.2570787782956243
111	2.5322966686278696
112	3.387010543360241
113	3.6419263144292886
114	3.2375294479423657
115	2.36402543538929
116	4.1457414799710595
117	3.1899269882612824
118	2.6109058922212944
119	2.536774970615751
120	2.790314022229391
121	3.544221376500507
122	4.808913674662975
123	3.4352249997256794
124	3.3056717089116234
125	2.661708432752266
126	3.443487419097125
127	2.5246212750764427
128	2.69692798546077
129	2.5789010647976975
130	2.6720243577961384
131	2.9956094443705514
132	3.115924050505307
133	3.2408646767843914
134	4.000418801966727
135	3.9373685728720407
136	5.3347822154821385
137	3.3013237760998204
138	2.580164665656059
139	2.3194845754392164
140	2.9916728514321407
141	2.346618886916241
142	2.539380349015048
143	2.680666146602689
144	2.8236898229019896
145	2.7734324199799585
146	2.4455306981626137
147	2.2777959013665043
148	2.910735417695681
149	2.5694707755400557
150	2.503699176822752
151	4.041153877519193
152	2.5129742248592257
153	2.7695536187358765
154	3.076787926512489
155	2.658431854384877
156	2.253365702121746
157	4.1023303283195105
158	2.714838565496953
159	3.0781890604788607
160	3.4379506533358204
161	3.6672803665794547
162	2.8117333124409347
163	2.583697224493887
164	2.9077302679505443
165	2.735457466848889
166	2.8850722365425097
167	2.800914562619823
168	3.2683158349405517
169	3.0783102902913084
170	4.578947267143212
171	2.996039422216198
172	3.146380965979479
173	2.90136305543739
174	3.3197508073693465
175	2.6040710082762932
176	2.810448063104749
177	3.10430586471616
178	3.386626432317378
179	3.0965883853018163
180	3.310795375048387
181	3.1242704256776848
182	3.211412821025223
183	3.0463468255784827
184	2.8704908710029904
185	2.6952243510894895
186	2.6482272591696985
187	3.3811192000325727
188	3.4940638446231453
189	3.0361499548111737
190	2.9311651935183356
191	2.725926840601858
192	2.7866400737187256
193	3.966187480282393
194	2.939292933259968
195	3.1832547577415045
196	3.0300758560200407
197	2.8735414300602224
198	3.9549319460945327
199	2.8320000202030813
200	2.4392968579297394
