101	2.571248097770068
102	2.236802642542882
103	2.0038192888464135
104	2.0333216426531355
105	1.9586396193638898
106	2.4497614458338774
107	2.1664742298159334
108	1.9541691929950895
109	2.419215407420002
110	1.888628452385032
111	2.1868278522009383
112	2.632723409527668
113	2.8212641385301627
114	2.8585995934278943
115	1.9434419410092683
116	2.998264859394826
117	2.9073406827962254
118	1.890838460081786
119	1.8285893070860142
120	1.8769326457598514
121	2.7949634373558427
122	3.3789662721623492
123	2.6770591855124892
124	2.8876473641225937
125	1.8965946937715616
126	2.5698651432657402
127	1.8195489279392976
128	2.2561338658138568
129	2.0334398558466784
130	2.105948556501325
131	2.4238703194730156
132	2.622395066953757
133	2.9482855333598375
134	3.445532080886668
135	3.1649300831495246
136	3.3078470898386483
137	2.64523128734536
138	2.005613698409965
139	1.930177055219664
140	2.356249839570064
141	1.8362883612849716
142	1.9792891552091225
143	2.0551198729361144
144	2.0966261014040257
145	2.162482921823988
146	2.137533129935515
147	1.895669397850531
148	2.2805683398224863
149	2.073213392174766
150	1.9273032936617898
151	2.5822768485245717
152	2.001256612590698
153	2.29867633548052
154	2.364743424993791
155	2.3832881223395654
156	1.7392006216018518
157	3.3831552743543334
158	2.110082502133991
159	2.6477793158454066
160	2.5874032548849804
161	3.047811660674134
162	2.028175655594354
163	2.002312753817781
164	2.387491551742365
165	2.1837566864602147
166	2.453248167678773
167	2.2284680809346797
168	2.228168397919804
169	2.136413953481826
170	3.6143176917709527
171	2.375927263396526
172	2.4251329350834965
173	2.6745810434028856
174	2.4075839376646666
175	2.043602233786113
176	1.9739311469963408
177	2.7381339295851843
178	2.8083362282950426
179	2.387157162647039
180	2.159259961875138
181	2.1398695852117604
182	2.775218386185347
183	2.208786861107624
184	2.2526476820144383
185	1.8522678158997345
186	2.1571818807868555
187	2.3662547243028533
188	2.4777925479391567
189	2.145190018932181
190	2.1183194549349817
191	1.9505658098870846
192	2.2867064489641535
193	2.692657877533156
194	2.0464407504093507
195	2.394970338138177
196	2.3173506225301566
197	1.9910411780990376
198	3.0696186819432665
199	2.2063361135986552
200	1.9828545313578638
