101	2.3083105627825744
102	1.8675921672944396
103	1.5994572631555422
104	1.789505767644467
105	2.4284219239105775
106	1.935487802347805
107	2.01495123835903
108	1.8733965797322893
109	1.9461100294558813
110	1.6085225789392075
111	1.9647671098768298
112	2.555117253322289
113	2.4082780271401334
114	2.681722682424629
115	1.6129636823731697
116	2.609879622065692
117	2.566330116912923
118	1.864631772696966
119	1.499109550212305
120	1.5788186679122613
121	2.268828948334304
122	2.6733395105347624
123	2.191098146692723
124	2.56845530491431
125	1.512241306655024
126	2.112652657217784
127	1.6024321494042493
128	1.880912897343643
129	1.7951466694801013
130	1.8766242155157433
131	2.1483176674842692
132	2.468847951699486
133	2.815063607005595
134	3.106566086014826
135	2.5465787461733
136	2.294837077378345
137	2.0715116291368463
138	1.7321289144382903
139	1.8223241538162385
140	2.0951865416897566
141	1.5770029337786569
142	1.7157235587647397
143	1.641965355278482
144	1.7097865185040433
145	1.6978052675232758
146	2.2406032362351964
147	1.659609070723263
148	1.944448869827022
149	1.9386980606243243
150	1.485822966577106
151	1.9624252891148894
152	1.6643564347067437
153	1.8244272209764292
154	1.979855910905035
155	2.1209924483763474
156	1.4414680159990956
157	2.848796433712061
158	1.5809708451699553
159	2.3560938689845754
160	2.1265355719249923
161	2.6328261941327056
162	2.0162837404683835
163	1.811976850517039
164	1.9785324749857927
165	1.818431543555068
166	2.041903122645541
167	1.935638855724342
168	2.7468611982309645
169	1.6475758960123679
170	3.1260129812415323
171	1.909321322738647
172	1.9641426056619857
173	2.1920475944166395
174	2.012626009638287
175	1.738292649261719
176	1.506578122697496
177	2.450839520874743
178	2.246718642606615
179	1.8759497413849247
180	1.8554892371193341
181	1.661996763319929
182	2.4358844180514594
183	2.0972167483309656
184	1.863201994306424
185	1.53634342860769
186	2.053112164614981
187	1.8607840506569615
188	2.0586658873073103
189	1.6238094398679537
190	1.6736974454759557
191	1.6443388506574723
192	2.2062946710433797
193	2.1731772373072613
194	1.5992573623596735
195	2.0444776757596332
196	1.9836924284701822
197	1.9652925264710708
198	2.684383250169194
199	2.68752214802526
200	1.9044043520906306
