101	2.481271063284184
102	2.051346078374027
103	1.845978671527269
104	1.9441482915486648
105	1.9311543849766328
106	2.0644610957364216
107	2.085346734169559
108	1.9676372537499407
109	2.1798466700764396
110	1.7566084311110548
111	2.0702241649107003
112	2.424250714102286
113	2.614033322250656
114	2.7334389056609805
115	1.7898713654090965
116	2.784063877110381
117	2.8221264132459276
118	1.798972145437511
119	1.6493863211477502
120	1.7031736358345388
121	2.542086137578136
122	3.052072495820654
123	2.6025990137551993
124	2.7728996138330455
125	1.7206464977830533
126	2.350864499872553
127	1.7193228730648862
128	2.0478667248834355
129	1.8648677852239217
130	1.9810401105192177
131	2.2772890531435666
132	2.4848682193965366
133	2.8733606023213007
134	3.219798547197212
135	2.974323853884073
136	2.983735407863948
137	2.3727181993694777
138	1.822328425858985
139	1.860910063330316
140	2.2841936848833875
141	1.7327914636235173
142	1.851578895426158
143	1.86329135172438
144	1.9284272283527852
145	2.109268961982909
146	1.8845812675891085
147	1.7677293090720754
148	2.136376581864539
149	1.8782488676730928
150	1.7234212156519522
151	2.0660172285842506
152	1.839865714931707
153	2.1138943333521723
154	2.3052821675175905
155	2.179648036103107
156	1.5834656488199523
157	3.069627784810203
158	1.8565884043666716
159	2.5310692239973314
160	2.365403968508087
161	2.6723495437497466
162	1.8496881424880725
163	1.8703096837760333
164	2.2067040897818755
165	2.0541839723243247
166	2.3545743100282097
167	2.096487536328361
168	2.300240432165395
169	1.9041405697801206
170	3.190966696519353
171	2.2030546710185863
172	2.2082726030551276
173	2.358249393372421
174	2.156271642778108
175	1.824441502725782
176	1.7070928090719106
177	2.649093944445786
178	2.536125109048066
179	2.098380807005283
180	2.0105541512277965
181	1.9173060579237666
182	2.700133020028504
183	2.0891480633984485
184	2.114344590300134
185	1.6773856686964344
186	2.1165360361061087
187	2.1138944540641313
188	2.4157938827548913
189	1.914901675018781
190	1.8898499431064169
191	1.8123047107391392
192	2.082552058925491
193	2.691908760962736
194	1.807539042551519
195	2.2455805038048133
196	2.085878846357689
197	2.0186574093664196
198	2.772591332844428
199	1.9433115699617272
200	1.9068276531087525
