101	2.6581537845040146
102	2.375284772510201
103	2.190884688719377
104	2.184482450511485
105	2.1530031780748624
106	2.3685546035737213
107	2.316486238593459
108	2.1260445631056424
109	2.667706970380168
110	1.9778584397837058
111	2.227463425971205
112	2.7991739679447756
113	2.9467791091345563
114	2.9978794262778927
115	2.082705538430449
116	3.248529742462114
117	3.0457003095016915
118	2.050841776283171
119	1.972526238394269
120	2.0312683453137725
121	3.00544069794327
122	4.153402898020164
123	2.8000348797713523
124	3.029845038336001
125	2.0545461178244047
126	2.7757009357931954
127	2.0287083451671175
128	2.3689107253629045
129	2.131969551831136
130	2.225677849017296
131	2.5441420883890835
132	2.7552361305588793
133	3.1133788514814644
134	3.5811415648273406
135	3.364975047091311
136	3.927576128393782
137	2.791142807498588
138	2.15532003221156
139	2.016155667687572
140	2.5951277130803008
141	1.9597058036869424
142	2.1180983234048907
143	2.214728464222716
144	2.295205900063845
145	2.243751678308783
146	2.3009230783205896
147	2.0260409558943295
148	2.4424125622893147
149	2.3421483786981034
150	2.0581028879370296
151	2.8892404966801095
152	2.105825786803253
153	2.3855641903109777
154	2.5223959650290086
155	2.3985824439000973
156	1.849151705735813
157	3.636060334179563
158	2.2561565791103337
159	2.78034177563762
160	2.7936716958118546
161	3.063955088995301
162	2.247138939865094
163	2.151805265699117
164	2.547524544183116
165	2.3315362193296436
166	2.591845062852791
167	2.4083668092288133
168	2.348834293489182
169	2.2850088603433107
170	3.84487924274979
171	2.480678739742693
172	2.59356874342605
173	2.5970031645103138
174	2.6123534356793123
175	2.183700872238709
176	2.17286102150746
177	2.804177952361593
178	2.9703330556703675
179	2.459643889303809
180	2.3874633512524106
181	2.280435464235117
182	2.8369558981529996
183	2.3556053756637745
184	2.4217913296468274
185	2.013439582846183
186	2.255044953304369
187	2.551860121506562
188	2.5437276995422544
189	2.323180631583406
190	2.3053151483273275
191	2.116328249272319
192	2.40557907061184
193	3.099236518565624
194	2.2280622671177492
195	2.4843115795342143
196	2.486160891820313
197	2.1774108837917443
198	3.490919526592639
199	2.4636132042936385
200	2.0895767056888546
