101	2.39973293471446
102	1.9514017792552423
103	1.6946233018489518
104	1.876317732404224
105	2.1025365346558136
106	1.9140017641938685
107	1.9574084127224636
108	2.139139773730548
109	2.0382071053345023
110	1.6791935020279338
111	2.0700486101654647
112	2.3218131818814816
113	2.490245362807338
114	3.039332093140317
115	1.7119125944267168
116	2.8481492109515103
117	2.6835420963934027
118	1.7063071960958769
119	1.559138759056932
120	1.622636762093895
121	2.4070195899601488
122	2.861975033908849
123	2.3989524997908904
124	2.7524738658563024
125	1.6621125468439213
126	2.2233609658556057
127	1.6734511580550893
128	1.8634103798539956
129	1.9264577759308703
130	1.9244140064246897
131	2.2085797634538196
132	2.3234205929158893
133	2.868964554171279
134	3.111106235975837
135	2.797794122783192
136	2.621848661589587
137	2.2321712153884854
138	1.766092906270463
139	1.829548744273263
140	2.16859368443215
141	1.6381338993414511
142	1.7635883960214591
143	1.7397886224209818
144	1.823602391852591
145	1.8753235295591388
146	1.885196568777819
147	1.7199497250656373
148	2.0869388672404403
149	1.7159052513424986
150	1.596584136879123
151	2.1432204217482447
152	1.7328899596953036
153	1.9728666154893126
154	2.117573011883418
155	2.317666775213647
156	1.4941345290982622
157	2.911573928626088
158	1.7373330854057865
159	2.407904584863049
160	2.2053978663749443
161	2.682740793950591
162	2.0468434671934195
163	1.9717772829473874
164	2.0716909411392943
165	1.9210568374007098
166	2.1942866764585642
167	1.987078141404333
168	2.5160290797708287
169	1.720547616703386
170	2.9437131637011964
171	2.0491608761922513
172	2.0693754822181005
173	2.3142035286977256
174	2.0657917802385786
175	1.6855278810702268
176	1.5899183668662598
177	2.591005414454105
178	2.3759787672748782
179	1.9590442273817958
180	1.7864634947762403
181	1.7358974885534524
182	2.636531623803019
183	2.2538571884872685
184	2.013412259631325
185	1.6238198859683044
186	2.1056189612868406
187	1.9751190163989383
188	2.2361436727820965
189	1.765615605228382
190	1.7342915886564123
191	1.737057183205829
192	2.0385350777493363
193	2.3781209817249964
194	1.6963159851668974
195	2.192511697936786
196	2.184695917756226
197	1.8792377079143936
198	2.7891184428999547
199	3.0418380812698085
200	1.9166597448925566
