101	2.344469164588959
102	1.9020590662516657
103	1.644987455577019
104	1.8252078705429697
105	2.1218773347974835
106	1.7954969987739706
107	1.8573226773675338
108	2.0025969103160786
109	1.9801925786164332
110	1.6317903431860872
111	1.9979743423580558
112	2.2874004398547783
113	2.4250404113498867
114	2.843815145518395
115	1.65644474715199
116	2.7242437125209613
117	2.6281675581804484
118	1.6535076582444652
119	1.519266778088713
120	1.6034292478378749
121	2.335371744907024
122	2.7586434544955933
123	2.2709063630539186
124	2.6578440651905124
125	1.5576836120594555
126	2.1834482762253735
127	1.622808774837924
128	1.9333500456231014
129	1.8445615894730838
130	1.8859142809649598
131	2.1642152683155116
132	2.3463461135992785
133	2.8646805122508465
134	3.0181421838223788
135	2.6427102796928947
136	2.4355297802171374
137	2.1430269065006056
138	1.766912881873103
139	1.8088790212817933
140	2.1612410122239134
141	1.6000891402577437
142	1.7417800299563821
143	1.673494737016134
144	1.7443174806128177
145	1.768068812966361
146	2.3666290378622836
147	1.6812736491904636
148	1.989250437438187
149	2.035137884759254
150	1.5252166672650378
151	2.0492401168657786
152	1.7031970006913493
153	1.8878503532653645
154	2.021068455549545
155	2.206373598152737
156	1.477591222939718
157	2.9403399658403746
158	1.6493527876943734
159	2.378209144203398
160	2.1511470282818537
161	2.642294667156549
162	2.0121653680351077
163	1.864347546796783
164	2.037634810448351
165	1.854177994713056
166	2.1227576475359364
167	1.9363412780578027
168	2.551621568227115
169	1.6431909247027072
170	3.1997042302502328
171	1.9883336325424055
172	2.0153335713676888
173	2.2480037117583613
174	2.0612234196768373
175	1.8030898413195031
176	1.5500128561772883
177	2.5173705682312697
178	2.2929060636954297
179	1.9034505915825375
180	1.7075293909370257
181	1.7170409375102171
182	2.5296332457676867
183	2.165991766852126
184	1.9106028638111563
185	1.5658008584629914
186	2.0785839001705066
187	1.9146180299336262
188	2.0976707205144676
189	1.685443295844383
190	1.7065916829250638
191	1.6871773252386952
192	2.244488280957862
193	2.2444140152465177
194	1.6347421887234206
195	2.1023202960051703
196	2.053202369433565
197	1.980500487214834
198	2.781480912784318
199	2.912362335477609
200	1.9128508673573341
