100	100	1	0.515082811892
100	100	10	0.506734832714
100	100	100	0.504100956293
100	100	20	0.528815325956
100	100	5	0.509163077522
100	100	50	0.506869724659
100	100	75	0.502005277848
100	10	1	0.534567752226
100	10	10	0.512730912677
100	10	100	0.542901606315
100	10	20	0.540326922496
100	10	5	0.521348501399
100	10	50	0.566398794969
100	10	75	0.549258163141
100	1	1	0.0249368373211
100	1	10	0.50056633402
100	1	100	0.592929239714
100	1	20	0.531198378054
100	1	5	0.520367559055
100	1	50	0.606750071975
100	1	75	0.611548804752
100	20	1	0.494459007046
100	20	10	0.503010754879
100	20	100	0.516354713402
100	20	20	0.520402286277
100	20	5	0.510132316245
100	20	50	0.535506285079
100	20	75	0.522069820985
100	50	1	0.53422018455
100	50	10	0.506309988466
100	50	100	0.504116731328
100	50	20	0.530257824827
100	50	5	0.507770171041
100	50	50	0.514048899677
100	50	75	0.502238692284
100	5	1	0.507705903966
100	5	10	0.541122011213
100	5	100	0.586952382488
100	5	20	0.570036024298
100	5	5	0.500617407186
100	5	50	0.604381143142
100	5	75	0.590286896113
100	75	1	0.516509294282
100	75	10	0.496640703009
100	75	100	0.495542162495
100	75	20	0.520635462797
100	75	5	0.494714100115
100	75	50	0.500070669073
100	75	75	0.489903149065
10	100	1	0.511170748045
10	100	10	0.481464574409
10	100	5	0.478247855049
10	10	1	0.496461343391
10	10	10	0.465430116878
10	10	5	0.472185927261
10	1	1	0.0249368373211
10	1	10	0.398123501377
10	1	5	0.446076962465
10	20	1	0.449881602863
10	20	10	0.454213125536
10	20	5	0.455140316306
10	50	1	0.518734426729
10	50	10	0.479313918542
10	50	5	0.473917018542
10	5	1	0.473602450313
10	5	10	0.481858058776
10	5	5	0.446980669881
10	75	1	0.51099580725
10	75	10	0.471417374267
10	75	5	0.46497128221
1	100	1	0.00255258416146
1	10	1	0.0249368373211
1	1	1	0.0249368373211
1	20	1	0.00255258416146
1	50	1	0.00255258416146
1	5	1	0.0249368373211
1	75	1	0.00255258416146
20	100	1	0.516931218207
20	100	10	0.490966123279
20	100	20	0.516892610326
20	100	5	0.488715365441
20	10	1	0.514854079005
20	10	10	0.485410836599
20	10	20	0.50468332707
20	10	5	0.493076684209
20	1	1	0.0249368373211
20	1	10	0.436905200615
20	1	20	0.443995672721
20	1	5	0.473448633571
20	20	1	0.474871034987
20	20	10	0.472239772656
20	20	20	0.487913894435
20	20	5	0.478088444632
20	50	1	0.53185215877
20	50	10	0.490840673938
20	50	20	0.518658145117
20	50	5	0.488827960131
20	5	1	0.491000238656
20	5	10	0.506755017061
20	5	20	0.52254427066
20	5	5	0.471095019299
20	75	1	0.517084098313
20	75	10	0.481353113898
20	75	20	0.511733497246
20	75	5	0.474871209731
50	100	1	0.512618372555
50	100	10	0.494365750039
50	100	20	0.514091572068
50	100	5	0.495258850044
50	100	50	0.496339821179
50	10	1	0.528133771551
50	10	10	0.500582976259
50	10	20	0.526127665013
50	10	5	0.509321820809
50	10	50	0.56035821255
50	1	1	0.0249368373211
50	1	10	0.489130545402
50	1	20	0.511388978378
50	1	5	0.514435565329
50	1	50	0.595362551216
50	20	1	0.488483555604
50	20	10	0.492011360787
50	20	20	0.507232228839
50	20	5	0.496817158172
50	20	50	0.527139254416
50	50	1	0.531786329544
50	50	10	0.496045252366
50	50	20	0.518252129994
50	50	5	0.496156675508
50	50	50	0.506534029526
50	5	1	0.503454755501
50	5	10	0.531407737747
50	5	20	0.555367788063
50	5	5	0.492363841892
50	5	50	0.590347497478
50	75	1	0.513285223927
50	75	10	0.484125791369
50	75	20	0.506890095846
50	75	5	0.480733454437
50	75	50	0.490166157643
5	100	1	0.484367809342
5	100	5	0.468474555438
5	10	1	0.463725420871
5	10	5	0.447976383854
5	1	1	0.0249368373211
5	1	5	0.35775130617
5	20	1	0.413731850453
5	20	5	0.441981418089
5	50	1	0.494788764214
5	50	5	0.457699981209
5	5	1	0.434872598323
5	5	5	0.402447535722
5	75	1	0.486126930691
5	75	5	0.452386210403
75	100	1	0.514551071938
75	100	10	0.500873436744
75	100	20	0.52177645826
75	100	5	0.503867048647
75	100	50	0.502081840578
75	100	75	0.495440073273
75	10	1	0.532499153491
75	10	10	0.508247513409
75	10	20	0.534132605753
75	10	5	0.516568825732
75	10	50	0.563790545637
75	10	75	0.544081236438
75	1	1	0.0249368373211
75	1	10	0.495033333286
75	1	20	0.52636614472
75	1	5	0.518810620098
75	1	50	0.608918839672
75	1	75	0.61033789156
75	20	1	0.493215410818
75	20	10	0.498994972075
75	20	20	0.514930804131
75	20	5	0.505976265657
75	20	50	0.532821290535
75	20	75	0.516216765305
75	50	1	0.533487033702
75	50	10	0.501236683678
75	50	20	0.524234978187
75	50	5	0.502742650786
75	50	50	0.509530495792
75	50	75	0.495223924335
75	5	1	0.505312157942
75	5	10	0.538023458887
75	5	20	0.564546305456
75	5	5	0.497641391465
75	5	50	0.598240464595
75	5	75	0.578974125845
75	75	1	0.515696242256
75	75	10	0.490960774807
75	75	20	0.513929082737
75	75	5	0.489324707361
75	75	50	0.4950088386
75	75	75	0.482295821404
