100	100	1	0.39188333046
100	100	10	0.377548718979
100	100	100	0.297403002301
100	100	20	0.384287591757
100	100	5	0.399553636587
100	100	50	0.307919453124
100	100	75	0.303817802402
100	10	1	0.494262914146
100	10	10	0.45862528404
100	10	100	0.378823764818
100	10	20	0.465056382144
100	10	5	0.470231199798
100	10	50	0.411628010374
100	10	75	0.393344625759
100	1	1	0.0500451056329
100	1	10	0.496460089007
100	1	100	0.456779307454
100	1	20	0.506983466331
100	1	5	0.468319242018
100	1	50	0.48968292375
100	1	75	0.480858567572
100	20	1	0.424266967066
100	20	10	0.433089002902
100	20	100	0.343443064013
100	20	20	0.426883854897
100	20	5	0.452196350094
100	20	50	0.36853470385
100	20	75	0.355203944122
100	50	1	0.405322538089
100	50	10	0.388329980296
100	50	100	0.300798825786
100	50	20	0.392550897277
100	50	5	0.407563818344
100	50	50	0.320169782196
100	50	75	0.307468594793
100	5	1	0.462269568454
100	5	10	0.492560440578
100	5	100	0.444210153245
100	5	20	0.509163064095
100	5	5	0.440759477327
100	5	50	0.472922007331
100	5	75	0.457608845352
100	75	1	0.391950411008
100	75	10	0.372065862794
100	75	100	0.292543326682
100	75	20	0.379783996152
100	75	5	0.389704874138
100	75	50	0.304841844912
100	75	75	0.294708552639
10	100	1	0.406563038563
10	100	10	0.377857943066
10	100	5	0.399429438501
10	10	1	0.472840348038
10	10	10	0.430359805204
10	10	5	0.443234453073
10	1	1	0.0500451056329
10	1	10	0.393900478816
10	1	5	0.401564003871
10	20	1	0.39429654775
10	20	10	0.409995800072
10	20	5	0.424105821376
10	50	1	0.403631580508
10	50	10	0.392872067267
10	50	5	0.40751411498
10	5	1	0.439981369218
10	5	10	0.454868558792
10	5	5	0.403766122243
10	75	1	0.403767263447
10	75	10	0.372787572163
10	75	5	0.391682657143
1	100	1	-0.00845715524977
1	10	1	0.0500451056329
1	1	1	0.0500451056329
1	20	1	-0.00845715524977
1	50	1	-0.00845715524977
1	5	1	0.0500451056329
1	75	1	-0.00845715524977
20	100	1	0.396142915521
20	100	10	0.37276646629
20	100	20	0.387928649223
20	100	5	0.394660175836
20	10	1	0.475304291217
20	10	10	0.43966290097
20	10	20	0.449923642953
20	10	5	0.450398461244
20	1	1	0.0500451056329
20	1	10	0.45004731078
20	1	20	0.448459553676
20	1	5	0.429826759048
20	20	1	0.404429924581
20	20	10	0.414194327896
20	20	20	0.412273049503
20	20	5	0.430962689671
20	50	1	0.404578493231
20	50	10	0.386154286469
20	50	20	0.398918341295
20	50	5	0.404013219018
20	5	1	0.445561483089
20	5	10	0.467882127596
20	5	20	0.481375065635
20	5	5	0.418763609641
20	75	1	0.394696781957
20	75	10	0.3684599203
20	75	20	0.386521954963
20	75	5	0.385465582238
50	100	1	0.39128222616
50	100	10	0.368182231801
50	100	20	0.372938573721
50	100	5	0.390475941416
50	100	50	0.298244122786
50	10	1	0.488501812426
50	10	10	0.449652867216
50	10	20	0.454765980472
50	10	5	0.460524850122
50	10	50	0.407633960151
50	1	1	0.0500451056329
50	1	10	0.489392757257
50	1	20	0.494855356962
50	1	5	0.463496116885
50	1	50	0.489820714177
50	20	1	0.418508939638
50	20	10	0.424410115655
50	20	20	0.416728568445
50	20	5	0.441843049014
50	20	50	0.362698026934
50	50	1	0.403776957839
50	50	10	0.380829786469
50	50	20	0.383563209219
50	50	5	0.399560107166
50	50	50	0.314154354953
50	5	1	0.456748891437
50	5	10	0.486992766802
50	5	20	0.498655990864
50	5	5	0.433724216629
50	5	50	0.461778475911
50	75	1	0.390198273684
50	75	10	0.363080024581
50	75	20	0.36950948475
50	75	5	0.380394417247
50	75	50	0.296284051521
5	100	1	0.369580362621
5	100	5	0.386686335227
5	10	1	0.436614925733
5	10	5	0.414021627791
5	1	1	0.0500451056329
5	1	5	0.306674159573
5	20	1	0.349293846443
5	20	5	0.404564383648
5	50	1	0.373626778649
5	50	5	0.389565375652
5	5	1	0.412882526081
5	5	5	0.355326536678
5	75	1	0.37174949716
5	75	5	0.376122739599
75	100	1	0.392505054758
75	100	10	0.373519420953
75	100	20	0.379303673281
75	100	5	0.396272292321
75	100	50	0.304021460941
75	100	75	0.298904910382
75	10	1	0.492495561252
75	10	10	0.455644600085
75	10	20	0.460824385155
75	10	5	0.466608162836
75	10	50	0.409764267992
75	10	75	0.391842102169
75	1	1	0.0500451056329
75	1	10	0.493261122343
75	1	20	0.50431479833
75	1	5	0.467000083326
75	1	50	0.493197369032
75	1	75	0.485098486336
75	20	1	0.423532841354
75	20	10	0.43001471363
75	20	20	0.423110393393
75	20	5	0.449266319385
75	20	50	0.366541550139
75	20	75	0.352517583868
75	50	1	0.404810197123
75	50	10	0.38470648279
75	50	20	0.388400508458
75	50	5	0.404115290211
75	50	50	0.317134922992
75	50	75	0.303242920466
75	5	1	0.46018134367
75	5	10	0.490836298713
75	5	20	0.505413386794
75	5	5	0.438301826007
75	5	50	0.467206741216
75	5	75	0.450477353586
75	75	1	0.391793852486
75	75	10	0.36850042839
75	75	20	0.37542876199
75	75	5	0.386437161546
75	75	50	0.301114250794
75	75	75	0.289542676386
