100	100	1	0.278979321136
100	100	10	0.260233026161
100	100	100	0.135684097634
100	100	20	0.229714414535
100	100	5	0.254459234773
100	100	50	0.171976500649
100	100	75	0.151768230788
100	10	1	0.364244064953
100	10	10	0.313021976001
100	10	100	0.2989999112
100	10	20	0.323332317766
100	10	5	0.274077135133
100	10	50	0.321682663084
100	10	75	0.295700601835
100	1	1	0.0461135841837
100	1	10	0.322922649638
100	1	100	0.228087845654
100	1	20	0.31571412425
100	1	5	0.331477096138
100	1	50	0.270666159947
100	1	75	0.245473852037
100	20	1	0.317956343002
100	20	10	0.2989999112
100	20	100	0.245386134019
100	20	20	0.277966813998
100	20	5	0.288100645434
100	20	50	0.250747511737
100	20	75	0.237962687948
100	50	1	0.30853353697
100	50	10	0.281678537034
100	50	100	0.165790295589
100	50	20	0.24579854769
100	50	5	0.269718540586
100	50	50	0.182286842414
100	50	75	0.184761324438
100	5	1	0.331281581385
100	5	10	0.269306126915
100	5	100	0.275492331974
100	5	20	0.291576465129
100	5	5	0.245950697842
100	5	50	0.283328191716
100	5	75	0.286627501081
100	75	1	0.288380603573
100	75	10	0.268893713244
100	75	100	0.155479953824
100	75	20	0.233838551242
100	75	5	0.264357162868
100	75	50	0.184348910767
100	75	75	0.170326845966
10	100	1	0.267988984007
10	100	10	0.252216957312
10	100	5	0.251804501127
10	10	1	0.330121446543
10	10	10	0.284270243905
10	10	5	0.25614039998
10	1	1	0.0461135841837
10	1	10	0.319277951755
10	1	5	0.334759879189
10	20	1	0.308458087978
10	20	10	0.28315117121
10	20	5	0.27737079329
10	50	1	0.301209145281
10	50	10	0.273664678948
10	50	5	0.273308580858
10	5	1	0.307112905557
10	5	10	0.234370607791
10	5	5	0.231389961281
10	75	1	0.281804764444
10	75	10	0.257991343906
10	75	5	0.264645214521
1	100	1	0.0662319272728
1	10	1	0.147133421055
1	1	1	0.0456792101286
1	20	1	0.148001464837
1	50	1	0.118003573032
1	5	1	0.150011797233
1	75	1	0.0973944168779
20	100	1	0.272635924032
20	100	10	0.257758544138
20	100	20	0.218991659099
20	100	5	0.256341519165
20	10	1	0.349055289499
20	10	10	0.300886787178
20	10	20	0.301474393223
20	10	5	0.266474168685
20	1	1	0.0461135841837
20	1	10	0.316058238965
20	1	20	0.322427530562
20	1	5	0.334151715575
20	20	1	0.315183270634
20	20	10	0.293050119657
20	20	20	0.25940819882
20	20	5	0.274077135133
20	50	1	0.308563443559
20	50	10	0.273430263621
20	50	20	0.230951655547
20	50	5	0.273252222763
20	5	1	0.317675032028
20	5	10	0.250386718873
20	5	20	0.268068885903
20	5	5	0.236696800035
20	75	1	0.290989293236
20	75	10	0.259820612491
20	75	20	0.228477173524
20	75	5	0.261290993389
50	100	1	0.27699947026
50	100	10	0.261057853503
50	100	20	0.224765450488
50	100	5	0.256753975351
50	100	50	0.165790295589
50	10	1	0.357748980782
50	10	10	0.311610647996
50	10	20	0.308897839295
50	10	5	0.274077135133
50	10	50	0.310135080306
50	1	1	0.0461135841837
50	1	10	0.3191046223
50	1	20	0.309863992306
50	1	5	0.326089768182
50	1	50	0.272060404325
50	20	1	0.313734757593
50	20	10	0.294699944398
50	20	20	0.270130954256
50	20	5	0.286863276878
50	20	50	0.246623375031
50	50	1	0.306586297333
50	50	10	0.280853709692
50	50	20	0.240849583642
50	50	5	0.272427310392
50	50	50	0.174038569002
50	5	1	0.323249180239
50	5	10	0.262707508185
50	5	20	0.277141986657
50	5	5	0.239926019438
50	5	50	0.276729572986
50	75	1	0.287094655744
50	75	10	0.26600681755
50	75	20	0.235075792254
50	75	5	0.263353274315
50	75	50	0.167852363942
5	100	1	0.270658620328
5	100	5	0.243524952442
5	10	1	0.332779117674
5	10	5	0.225193761554
5	1	1	0.0461135841837
5	1	5	0.326887857196
5	20	1	0.313127857686
5	20	5	0.263593817856
5	50	1	0.288073709164
5	50	5	0.256839173512
5	5	1	0.287827111857
5	5	5	0.198199266583
5	75	1	0.288009963627
5	75	5	0.252866742949
75	100	1	0.27535754398
75	100	10	0.258170957808
75	100	20	0.227652346182
75	100	5	0.253634407431
75	100	50	0.169914432296
75	100	75	0.143932371046
75	10	1	0.356242841649
75	10	10	0.308723454699
75	10	20	0.316733699036
75	10	5	0.271602398021
75	10	50	0.317970940048
75	10	75	0.296937842847
75	1	1	0.0461135841837
75	1	10	0.320891611095
75	1	20	0.312484473539
75	1	5	0.32922611128
75	1	50	0.272477355137
75	1	75	0.249613377367
75	20	1	0.314734103906
75	20	10	0.295112400584
75	20	20	0.269718540586
75	20	5	0.285213452136
75	20	50	0.24579854769
75	20	75	0.237137860607
75	50	1	0.303490609843
75	50	10	0.277966813998
75	50	20	0.245386134019
75	50	5	0.271368195268
75	50	50	0.180637187732
75	50	75	0.180637187732
75	5	1	0.322470657457
75	5	10	0.267244058562
75	5	20	0.284565432728
75	5	5	0.241923894286
75	5	50	0.280853709692
75	5	75	0.283740605387
75	75	1	0.282753106657
75	75	10	0.266831644891
75	75	20	0.235488205924
75	75	5	0.261882680844
75	75	50	0.177750292037
75	75	75	0.161253745213
