133	0.0356319369905
132	0.0458940677815
131	0.0161979286381
130	0.0188357765469
137	0.00592766274451
136	0.0272895781443
135	0.000576704583744
134	0.00585584380612
139	0.0209041563411
138	0.0315790788663
120	0.00115266340182
121	0.0140538666454
122	0.0
123	0.00452540378909
124	0.00279042045755
125	0.0122174658152
126	0.00899857045936
127	0.00980742651952
128	0.025686718168
129	0.00980053559298
199	0.00508882245691
198	0.0177709629721
200	0.0178635674886
195	0.0120908514236
194	0.000520032692506
197	0.000531141944649
196	0.0072455093555
191	0.0
190	0.000595274818512
193	0.0171027360638
192	0.0322631202194
115	0.00384574942928
114	0.0274067991198
117	0.0123322401799
116	0.0213622114159
111	0.044404514411
110	0.0241696655358
113	0.00683576907732
112	0.00383805319617
119	0.00257692940054
118	0.00655734810856
108	0.00596973579168
109	0.000620107602363
102	0.0243246492553
103	0.028503750827
101	0.0427099662563
106	0.0245159848301
107	0.0243364993531
104	0.0375899606524
105	0.0
179	0.0
178	0.00277099207993
177	0.0230264241321
176	0.00198941719581
175	0.0373523918527
174	0.04453035517
173	0.0517730920315
172	0.0339611153952
171	0.0117981457105
170	0.0343518468053
182	0.00607348771607
183	0.0418524544841
180	0.0
181	0.0
186	0.00124362989936
187	0.0
184	0.0361134526053
185	0.024150874018
188	0.0105437029057
189	0.0
168	0.00349283069698
169	0.01770957005
164	0.0572010997739
165	0.0186909636815
166	0.00797891120687
167	0.00182796221268
160	0.00298914940588
161	0.0374230737875
162	0.0075427569012
163	0.0686592405204
151	0.00426403377627
150	0.037772266891
153	0.053719072689
152	0.0
155	0.00183097180136
154	0.0369931531706
157	0.00379933119081
156	0.00405099545188
159	0.0128105387283
158	0.0
146	0.000492595537389
147	0.000562045759619
144	0.00473735578341
145	0.0290327903822
142	0.00707572798628
143	0.00155009046347
140	0.00309609601887
141	0.0186965884755
148	0.0
149	0.00495432036675
