133	0.0306436736837
132	0.0385169797218
131	0.0146228185675
130	0.0144282506883
137	0.00538293041934
136	0.0195304838235
135	0.0
134	0.00534645360136
139	0.0191344865923
138	0.0266709403731
120	0.000631194531187
121	0.00872544650915
122	0.0
123	0.00275073544118
124	0.00172168185477
125	0.00718628983838
126	0.00526767888962
127	0.00715834153961
128	0.0241849211713
129	0.00865938849059
199	0.00358192793703
198	0.0154710706558
200	0.0156592632989
195	0.0109348347372
194	0.0
197	0.0
196	0.0072455093555
191	0.0
190	0.0
193	0.0154968976697
192	0.0266221188626
115	0.0021670906217
114	0.0247348007771
117	0.0117198191264
116	0.0195640690356
111	0.036528646956
110	0.0202804377854
113	0.00455432305807
112	0.00333341574376
119	0.00206094057993
118	0.0059707387251
108	0.0048089776105
109	0.0
102	0.0237612784407
103	0.0269330456928
101	0.0383924528161
106	0.0211576206968
107	0.0217065360845
104	0.0313662132843
105	0.0
179	0.0
178	0.00183952257115
177	0.0191803830483
176	0.00198941719581
175	0.0283870421604
174	0.0381802444567
173	0.0460152466435
172	0.0295429516518
171	0.0095748830729
170	0.0327409167209
182	0.00501612861998
183	0.0352344143787
180	0.0
181	0.0
186	0.000693371229421
187	0.0
184	0.0303760606014
185	0.0235350611037
188	0.00897472467978
189	0.0
168	0.00349283069698
169	0.0115124445626
164	0.049670651272
165	0.0142780585498
166	0.00586939961716
167	0.000690655468023
160	0.00298914940588
161	0.0331203473044
162	0.00699927583387
163	0.0539004030121
151	0.00314195102743
150	0.0338124728973
153	0.0448071633194
152	0.0
155	0.000714481862765
154	0.0269144147669
157	0.00110254133705
156	0.00348932449507
159	0.0117462821339
158	0.0
146	0.0
147	0.0
144	0.0041765000969
145	0.0223726630629
142	0.00482503726606
143	0.00155009046347
140	0.00145611610918
141	0.0130993800266
148	0.0
149	0.00458361412278
