133	0.15521722474
132	0.319702623309
131	0.182497849818
130	0.414245935587
137	0.04436331502
136	0.110949468111
135	0.00919493223876
134	0.0109614516976
139	0.365670021502
138	0.326542883252
120	0.015272568683
121	0.149946470302
122	0.0482950694606
123	0.0222287694279
124	0.0237207777986
125	0.311513633405
126	0.0313250104328
127	0.17204012049
128	0.0835114757466
129	0.112604512329
199	0.0184523126909
198	0.0392310207317
200	0.116300996324
195	0.343560076702
194	0.00888909104414
197	0.00587919593141
196	0.0384046442661
191	0.0111427077916
190	0.0291682303588
193	0.0952123820725
192	0.693654219567
115	0.168678340201
114	0.350955532166
117	0.0929141386494
116	0.326909594476
111	0.343315073535
110	0.217212910834
113	0.131290467181
112	0.0353560633055
119	0.037484213219
118	0.0830004285742
108	0.0671379409106
109	0.00464095600273
102	0.185870377615
103	0.116161999216
101	0.198827928842
106	0.342054694301
107	0.355412212036
104	0.302037966102
105	0.0258385000321
179	0.00901123741872
178	0.0693341651918
177	0.096138331727
176	0.00348009753899
175	0.468272469647
174	0.370077068775
173	0.288927506251
172	0.119576620424
171	0.179956249756
170	0.0584069803912
182	0.0550981793835
183	0.297320810312
180	0.0144065328222
181	0.00728266078014
186	0.0112295025176
187	0.00226426262123
184	0.238423254689
185	0.116812841105
188	0.0211992288784
189	0.00105447047355
168	0.079015810638
169	0.199241068386
164	0.349635862468
165	0.344375662028
166	0.04299432374
167	0.0315703621241
160	0.0159725092219
161	0.22609934627
162	0.035938398236
163	0.363055630499
151	0.0369914038435
150	0.0940585785166
153	0.468616791538
152	0.0406094417776
155	0.0149125419406
154	0.473850920019
157	0.00764912740499
156	0.14315649128
159	0.0239475361701
158	0.00353804845151
146	0.227625219915
147	0.0283861277379
144	0.0506846212714
145	0.0727745854866
142	0.0569118504353
143	0.0549766888685
140	0.0173230021656
141	0.232845102439
148	0.00909681882878
149	0.0901335487676
