133	0.114703533659
132	0.241372802782
131	0.133555512633
130	0.295986835192
137	0.0337357116487
136	0.0837349503569
135	0.00634606701512
134	0.00825536885501
139	0.264013118986
138	0.252171010066
120	0.0105386412107
121	0.105182041739
122	0.0326218196356
123	0.0155156817773
124	0.015724506297
125	0.200860457381
126	0.0230975991566
127	0.133252629214
128	0.0656719611722
129	0.0830330540785
199	0.0129159652697
198	0.0293622433825
200	0.0805950633843
195	0.25747467474
194	0.00562350844856
197	0.00312767556499
196	0.0328814912534
191	0.00717491272646
190	0.0263710227604
193	0.069559574208
192	0.45864025807
115	0.129623814001
114	0.262578512393
117	0.0672142721986
116	0.231200373297
111	0.236683486467
110	0.17041064446
113	0.0951354435793
112	0.0266521952689
119	0.0285662371956
118	0.064275543452
108	0.050844020375
109	0.0032316575221
102	0.153539093954
103	0.0944170614107
101	0.15998692912
106	0.242988547431
107	0.256857838748
104	0.240787070091
105	0.0209098264909
179	0.0079010877866
178	0.050893583161
177	0.0716887824132
176	0.00209206093979
175	0.333960598786
174	0.256096572083
173	0.195486172426
172	0.0781521263
171	0.136501826838
170	0.0450558854938
182	0.0398157657891
183	0.22608908977
180	0.0108923124237
181	0.00619313523047
186	0.00807826824885
187	0.000447311286747
184	0.181936383446
185	0.0984503290311
188	0.0175976213247
189	0.000698780726527
168	0.0541959055509
169	0.145024515878
164	0.249677049838
165	0.23989458873
166	0.0365782325599
167	0.0232008797359
160	0.0124927961359
161	0.171093584423
162	0.0285523557631
163	0.266645012194
151	0.0256373575906
150	0.0741435949735
153	0.333009292147
152	0.0327019238456
155	0.0104164442663
154	0.322707846378
157	0.00395572372196
156	0.109865157242
159	0.0151030206509
158	0.00183699492128
146	0.139452234889
147	0.0202466433722
144	0.0366843939424
145	0.0550808118518
142	0.0442761790588
143	0.0406238845156
140	0.00989568760595
141	0.192716359186
148	0.00424943313509
149	0.0704068859775
