133	0.0304603330962
132	0.0477336284658
131	0.0140209981469
130	0.0258308264634
137	0.0060080627353
136	0.0152405043394
135	0.0
134	0.00394563575936
139	0.0352340033049
138	0.0306854420339
120	0.000403429512917
121	0.0180966060899
122	0.0
123	0.00293347276938
124	0.0010979472883
125	0.0183954542818
126	0.0127541122854
127	0.0105887744167
128	0.0206990026543
129	0.0138473713405
199	0.00550468401173
198	0.0146844953001
200	0.0252545340932
195	0.0347947063154
194	0.0
197	0.0
196	0.0114918713442
191	0.0
190	0.00213832687988
193	0.0263205066955
192	0.0538060027161
115	0.00423978449151
114	0.0347678356736
117	0.0220394725763
116	0.0393271844733
111	0.0530829295168
110	0.0367378214328
113	0.0147636837691
112	0.00541159625958
119	0.00443501143621
118	0.0104718084867
108	0.00443234654726
109	0.000909801114362
102	0.0267005068234
103	0.0341510982964
101	0.0549312532899
106	0.0408616763253
107	0.0495483720543
104	0.0540361215296
105	0.00194306360334
179	0.0
178	0.00870322153662
177	0.0205554605387
176	0.00177837191819
175	0.0847268917418
174	0.0544510946606
173	0.0603001993427
172	0.0259172998182
171	0.0144823615293
170	0.022767722412
182	0.0131831085562
183	0.0504384517605
180	0.0
181	0.0018326398505
186	0.000446075871417
187	0.0
184	0.0331744529015
185	0.0295944035425
188	0.0084739804805
189	0.0
168	0.00477159931071
169	0.019721797457
164	0.0669931109704
165	0.0269957391733
166	0.00740864932847
167	0.00187415939337
160	0.00539975791916
161	0.0333843956564
162	0.00577538430832
163	0.0906379286967
151	0.003155482112
150	0.0334279829639
153	0.0547332335472
152	0.00183155002307
155	0.00174215545838
154	0.0416398165868
157	0.000704933268941
156	0.00673054749666
159	0.00740697477552
158	0.0
146	0.00365208362013
147	0.000545193824508
144	0.00416879039122
145	0.0313931520797
142	0.0102428565501
143	0.00390713490436
140	0.00227632625523
141	0.0269321041345
148	0.0
149	0.00909832584711
