133	0.0266322496999
132	0.0196571420857
131	0.00458719586565
130	0.00576019964953
137	0.00169009563212
136	0.017344976474
135	0.0
134	0.00661533981905
139	0.0190735636841
138	0.0158366597988
120	0.0
121	0.00359344831638
122	0.0
123	0.00210590966663
124	0.00171159472958
125	0.00350197291525
126	0.000996607416176
127	0.00145258328944
128	0.0145592387317
129	0.00678604363934
199	0.00457706554355
198	0.00120515943143
200	0.0158677366047
195	0.00380486056382
194	0.0
197	0.0
196	0.00811337004386
191	0.0
190	0.0
193	0.00347494579556
192	0.0180870941143
115	0.00103909125203
114	0.0158919055192
117	0.00394547793891
116	0.0138244569922
111	0.0234737096402
110	0.0169186808965
113	0.0
112	0.00249408746495
119	0.0
118	0.0081977016726
108	0.00530208477941
109	0.0
102	0.0169636739509
103	0.0254800942349
101	0.017620850393
106	0.0133991233931
107	0.0196061537312
104	0.0232760690044
105	0.0
179	0.0
178	0.00314324846571
177	0.0198467721734
176	0.0031456876284
175	0.0160487315097
174	0.0178144824277
173	0.0333559807229
172	0.0176317580979
171	0.000983865914121
170	0.0391865663515
182	0.00335787066479
183	0.0230423691097
180	0.0
181	0.0
186	0.0
187	0.0
184	0.0221865510412
185	0.0129900870894
188	0.00334468868832
189	0.0
168	0.0020594717142
169	0.0110771458084
164	0.036530424747
165	0.0132511533662
166	0.00449597788883
167	0.0010683419678
160	0.0
161	0.0179070799823
162	0.0
163	0.0314921300212
151	0.00357017618334
150	0.0273288328112
153	0.0358955758243
152	0.0
155	0.0
154	0.0171389473582
157	0.0
156	0.00309574774936
159	0.0107523233626
158	0.0
146	0.0
147	0.0
144	0.00383611481967
145	0.00518812003977
142	0.00316446032481
143	0.0
140	0.00103037871428
141	0.00799622801572
148	0.0
149	0.00263649957342
