133	0.0301945261076
132	0.0223605434534
131	0.0053598233275
130	0.00662268611538
137	0.00253220189486
136	0.0226683457629
135	0.0
134	0.00741249134278
139	0.0209027056354
138	0.0176514859238
120	0.0
121	0.00759683931143
122	0.0
123	0.00391454220481
124	0.00171159472958
125	0.00526014561902
126	0.0051148161088
127	0.00307933125659
128	0.0153636936587
129	0.00773250314038
199	0.00614356033545
198	0.00301194766468
200	0.0176507887083
195	0.00469771842027
194	0.0
197	0.0
196	0.00811337004386
191	0.0
190	0.0
193	0.00521839044951
192	0.0216026526039
115	0.00103909125203
114	0.0167600944739
117	0.00489308737046
116	0.0138244569922
111	0.0251706195454
110	0.0195257409876
113	0.000930158253484
112	0.00249408746495
119	0.000802224237225
118	0.0081977016726
108	0.00530208477941
109	0.0
102	0.0169636739509
103	0.0272235609422
101	0.0209347033492
106	0.0142379573792
107	0.0212136922446
104	0.0250186311867
105	0.0
179	0.0
178	0.00473007067445
177	0.0214885673444
176	0.0031456876284
175	0.0176855059076
174	0.0211172322598
173	0.0357583368515
172	0.020123806572
171	0.000983865914121
170	0.0409266689793
182	0.00335787066479
183	0.0245372146555
180	0.0
181	0.0
186	0.0
187	0.0
184	0.0240437748705
185	0.0129900870894
188	0.00495295720692
189	0.0
168	0.0020594717142
169	0.0153527374917
164	0.0383360046217
165	0.0167201306644
166	0.00534111069227
167	0.00188081453502
160	0.0
161	0.0196669894027
162	0.0
163	0.0356564438292
151	0.00438863873455
150	0.0289899538709
153	0.0375100180603
152	0.0
155	0.0
154	0.0198662161344
157	0.00340034841171
156	0.00397423837471
159	0.0107523233626
158	0.0
146	0.000764264934535
147	0.0
144	0.00470467334054
145	0.00695212428764
142	0.00407308443206
143	0.0
140	0.00103037871428
141	0.00963298819848
148	0.0
149	0.00263649957342
