133	0.06150123024
132	0.116516020335
131	0.0349804126949
130	0.124197945596
137	0.0171549881748
136	0.0500834060616
135	0.00540487962615
134	0.00689974649231
139	0.102899418993
138	0.0929381063155
120	0.00270441238463
121	0.0574060594598
122	0.00704976256884
123	0.00686800022277
124	0.00702427155252
125	0.0700769434459
126	0.018868737168
127	0.0569786664645
128	0.0495459669567
129	0.0367827156519
199	0.0077676127391
198	0.0182676687119
200	0.0582071192432
195	0.135281633003
194	0.00265144202048
197	0.000445566531229
196	0.0181612994319
191	0.00263122012223
190	0.0106331589531
193	0.0464894562414
192	0.239002281804
115	0.0801893560007
114	0.13708478971
117	0.0438727509362
116	0.142978484604
111	0.138307994171
110	0.0939210365896
113	0.0429533851882
112	0.014382397906
119	0.00765305597729
118	0.0246525224202
108	0.0290393427088
109	0.00186928487234
102	0.0915047758464
103	0.068441745258
101	0.0993206302856
106	0.127908114713
107	0.130296482296
104	0.137593641515
105	0.0119063209805
179	0.0
178	0.0230843888404
177	0.0470742947608
176	0.00212639153998
175	0.222167111986
174	0.142747194841
173	0.108828607393
172	0.0437417956985
171	0.0579643348002
170	0.029754431358
182	0.0220900887957
183	0.104448928783
180	0.00653669449829
181	0.00415668963475
186	0.00479869277695
187	0.0
184	0.104065033584
185	0.0547151186528
188	0.0165415404292
189	0.000709654070697
168	0.011004403561
169	0.0882396550135
164	0.156489757288
165	0.104981686308
166	0.0270897705978
167	0.0112129106043
160	0.00793155083849
161	0.089661917584
162	0.0177704656029
163	0.192435327347
151	0.00723158038124
150	0.0532412367807
153	0.179578204033
152	0.0151259617069
155	0.00305145221291
154	0.149223607531
157	0.00297489679786
156	0.0469907738967
159	0.00994391533836
158	0.0
146	0.0307596500063
147	0.00589798211322
144	0.0175602676711
145	0.0376688131396
142	0.0244878422092
143	0.0136132360362
140	0.00462141829317
141	0.0788466493011
148	0.00156073272085
149	0.0316935629853
