133	0.103818256947
132	0.190961119989
131	0.0729617858762
130	0.204751760774
137	0.0262554328095
136	0.0564210507152
135	0.00582836823672
134	0.00679649881441
139	0.194656695207
138	0.140888906004
120	0.00746811080669
121	0.0699176112407
122	0.0200174356455
123	0.0113948436303
124	0.0115395760254
125	0.163864861649
126	0.0213046227622
127	0.0887579663251
128	0.0595472824949
129	0.0704301958803
199	0.00816794938589
198	0.021178769718
200	0.0707264666627
195	0.200298034866
194	0.00360182881608
197	0.00265985443561
196	0.0270923035886
191	0.00673039965825
190	0.020925737444
193	0.0628029270345
192	0.362382203034
115	0.104170819567
114	0.220948492543
117	0.0619544658992
116	0.20322175029
111	0.188851169339
110	0.136658672685
113	0.0641376720694
112	0.0201675446837
119	0.0145584275686
118	0.0359369434231
108	0.0415092527294
109	0.00325740491591
102	0.13001638577
103	0.0825663470662
101	0.124846474396
106	0.188040845106
107	0.19798253048
104	0.188110131668
105	0.0177047225003
179	0.0075093791454
178	0.0338379280695
177	0.0582098617499
176	0.00210235837757
175	0.287726106736
174	0.202504669056
173	0.160533713683
172	0.0606418691799
171	0.0975878220615
170	0.0328544677779
182	0.027610356434
183	0.183774394315
180	0.00827974013741
181	0.004147625106
186	0.00568787046523
187	0.0
184	0.137742895603
185	0.0773900064593
188	0.015964490314
189	0.000704210090337
168	0.0288895043385
169	0.127091226862
164	0.214138294639
165	0.179060041032
166	0.0336454574029
167	0.0149799569768
160	0.00983062635253
161	0.143158449058
162	0.0240112791891
163	0.22712631409
151	0.0104694933515
150	0.0699309988746
153	0.257321220533
152	0.0254817505336
155	0.00816176062497
154	0.229591268317
157	0.00295393306368
156	0.0851828868464
159	0.0114698916918
158	0.00184267192437
146	0.0654005806817
147	0.017880644533
144	0.0344591262189
145	0.0390281695113
142	0.0378411274856
143	0.0231460984155
140	0.00704149769123
141	0.170536350821
148	0.00375393790698
149	0.0558870291986
