133	0.140265261729
132	0.245034374349
131	0.0979135995471
130	0.287293018592
137	0.0351547618093
136	0.0763905403705
135	0.00798557127383
134	0.00846037031171
139	0.260867974662
138	0.186831119704
120	0.0108255986401
121	0.101406914736
122	0.0294632526275
123	0.0170764175967
124	0.0178111407956
125	0.250389022152
126	0.0282228608706
127	0.110146507407
128	0.0739939982097
129	0.0912496124787
199	0.0118794506114
198	0.0296917557317
200	0.0989250109864
195	0.258528290274
194	0.00581695368965
197	0.00508786886996
196	0.0312857834589
191	0.00885396427754
190	0.0237295421422
193	0.0842652792522
192	0.54684842041
115	0.13154971152
114	0.281142833483
117	0.0817653317401
116	0.282460960431
111	0.265483491475
110	0.164353971951
113	0.0875149471441
112	0.0271602675606
119	0.0182342877905
118	0.0497778058127
108	0.0547157279061
109	0.00430112513005
102	0.154543828342
103	0.098206980495
101	0.153726557753
106	0.260258503458
107	0.272400961259
104	0.229523103914
105	0.0213417339232
179	0.00862217815586
178	0.0455971718915
177	0.0792218929803
176	0.00316844918833
175	0.401872055677
174	0.294163614138
173	0.231047375735
172	0.0902797722097
171	0.131603660115
170	0.0425774952856
182	0.0388050224679
183	0.234048723659
180	0.00931974899613
181	0.00486499185251
186	0.00816553292401
187	0.000725922330611
184	0.179715596362
185	0.0904886214263
188	0.0196313627386
189	0.000704210090337
168	0.0424409646956
169	0.173767026713
164	0.298662550166
165	0.256883965728
166	0.0401281137396
167	0.0202276661151
160	0.0129481386112
161	0.186974435
162	0.030133870772
163	0.30227233064
151	0.016806088051
150	0.0854914430805
153	0.354094899954
152	0.0316853966125
155	0.0109299641179
154	0.319899077941
157	0.00528655610333
156	0.110488513043
159	0.018571358228
158	0.00320756603751
146	0.113470894602
147	0.0242423408792
144	0.0453210554115
145	0.0526430616854
142	0.0498158607148
143	0.0301857419449
140	0.0135344914166
141	0.204029231682
148	0.0078508780774
149	0.0683305121839
