100	1	-0.0270269221547
100	10	0.0937088268596
100	15	0.0421331393379
100	20	0.0448735451359
100	3	0.0313072514312
100	5	0.0756742963866
10	1	0.120657969467
10	10	0.336420470961
10	15	0.342521664995
10	20	0.346245273771
10	3	0.199939413955
10	5	0.36127257327
1	1	0.0403082359709
1	10	0.0720314766286
1	15	0.0550346515259
1	20	-0.0194277950881
1	3	0.0291340409484
1	5	0.0391949185646
20	1	0.0535959423979
20	10	0.166409501452
20	15	0.169541712794
20	20	0.203916853366
20	3	0.118833833063
20	5	0.200138811266
500	1	-0.113346240331
500	10	0.0167441129578
500	15	0.0953765938453
500	20	0.0824773843811
500	3	-0.0428356109826
500	5	-0.0322959238747
50	1	-0.00804423308812
50	10	0.12428417858
50	15	0.110634644825
50	20	0.129609234424
50	3	0.0466089621524
50	5	0.0992868497319
75	1	-0.0146128293933
75	10	0.11831681749
75	15	0.121280881958
75	20	0.105548675121
75	3	0.0693045953434
75	5	0.125204187916
