451	2.0421459271169558
452	1.5278853715510168
453	1.3323722349668319
454	1.527126467535601
455	1.3615408620153033
456	1.1241061906477394
457	2.78748466338156
458	1.7474566254289876
459	1.709332787116153
460	1.9682046566317104
461	1.6387179045822022
462	2.4341448076016685
463	4.593776295453623
464	1.4810025733030496
465	1.7416835199085041
466	2.0196087430006076
467	1.67948605406324
468	1.6193207417830322
469	1.5850182225116145
470	1.913259244648427
471	1.5122392870441934
472	1.6741518807249902
473	1.5809102320960735
474	1.6510901634031592
475	1.7309647904100554
476	2.587275648325539
477	1.7395681686495366
478	1.5244159516196139
479	2.127036805678903
480	1.2366431154927386
481	1.4842305947485797
482	1.422502306678527
483	1.5857065988131955
484	1.8559214556283805
485	1.7632151193107697
486	1.68783399694883
487	2.1713751611489913
488	1.530355221790512
489	2.5238063020991603
490	1.6069257838388704
491	1.312008547199806
492	1.3854599174482478
493	1.2255071259835584
494	1.659701824818866
495	1.417376419615677
496	2.19387476877059
497	2.4890254171119484
498	1.9173681269023677
499	1.48397649070796
500	1.6893221915091212
501	1.4062453365451262
502	1.1227106854257036
503	1.7285071295437016
504	1.4047731164900519
505	1.5002314403031047
506	1.7111881473099781
507	1.8575496423054436
508	1.898904735453058
509	1.5526814368825241
510	1.452194797261447
511	1.576217077668417
512	1.3951079549881338
513	1.5892050442670589
514	1.5454069304487854
515	1.3134586950248641
516	1.7480789360428433
517	1.238561111592128
518	1.2842339158006966
519	1.373581679869028
520	1.1834246577498533
521	1.066278805378854
522	2.632135889656614
523	1.5265641044285483
524	1.948518323278801
525	1.4775637230921748
526	2.1661113831764545
527	1.2128233543161022
528	1.6270256884832561
529	1.5915417784685533
530	1.4706035339169912
532	1.550668301341602
533	1.3195743070893815
534	1.608479236547394
535	1.1773925981242472
536	1.5400095523817716
537	1.6661811001048707
538	1.8866082951121952
539	1.3141808566279982
540	1.5891741107226247
541	3.8964077005414985
542	1.1790862381179268
543	1.425933679352201
544	1.7973724641467752
545	1.2858608199799832
546	1.7677171533895795
547	1.8659634158448681
548	1.5755664618205745
549	1.8982557896579753
550	1.5693766952714072
