451	3.190729014017665
452	1.912816319993121
453	2.0412570579747555
454	2.27093328041436
455	2.2037775211933748
456	1.835776110270276
457	4.067285270329625
458	2.423695125490491
459	2.0867379398771924
460	2.9719152291078346
461	2.2691183783947158
462	4.282244716129292
463	4.593776295453623
464	1.932885201782679
465	2.6852757028337484
466	3.5124696352955485
467	2.6079082459553886
468	2.216207222480068
469	2.6313916871239083
470	2.494972485591066
471	2.1381880145933856
472	2.161721425948889
473	2.2156765785623023
474	3.078032352024397
475	2.2361599389819795
476	3.429270992137354
477	2.7219829621159266
478	2.6710797834080324
479	3.419263606052369
480	1.9139932699064517
481	2.1825842071451422
482	2.1709496947284816
483	2.738479687844214
484	2.772233892996944
485	2.714088000411812
486	2.667254480560707
487	2.7439337073255405
488	2.1370328197752806
489	3.805164113384362
490	1.9995107683259636
491	1.9346085112809355
492	2.0285727232115405
493	1.8431230788679147
494	2.3567919459505804
495	1.6459700976952965
496	2.5428238326546952
497	4.02184883022251
498	2.7799538292979373
499	2.485460622640895
500	2.0862006399572652
501	1.8339505583786748
502	1.7846481589601189
503	2.437236210299977
504	1.9818429394833996
505	2.1794536760353442
506	3.0717425716033966
507	2.819636545959759
508	2.6407359053682313
509	2.181465764324822
510	2.0137134583013787
511	2.0934458923984094
512	2.125493124135784
513	2.3556103318950634
514	1.9786170946985868
515	2.0378936418033478
516	2.501176772696987
517	1.9376397003100045
518	1.7536009653581401
519	1.933491349235574
520	1.7086391138607069
521	1.5263074825746958
522	2.123992597728076
523	1.9117298233337208
524	2.581136923361646
525	2.1560348585174127
526	3.2120067277548436
527	1.852058605013142
528	2.4821114326473395
529	2.062070989375878
530	2.4815515014681417
532	2.4207641319345905
533	1.8401912278785477
534	2.4455282044660787
535	1.7190682216500983
536	2.0885800208533034
537	2.774779376891822
538	2.6569342424806077
539	1.8545124794142842
540	2.141964216203096
541	3.108369456987881
542	1.6744691278164447
543	2.160692655364094
544	2.5640433855165448
545	1.9287523180197292
546	2.4815587451199286
547	2.9840413618081674
548	2.215967835645992
549	2.308251486689643
550	2.5347746661528925
