451	2.6477734531396924
452	1.7202009967391712
453	1.7014724776767742
454	1.8846152999005747
455	1.7591699084689354
456	1.4163585349471297
457	3.3477781709077385
458	2.1748350175784767
459	1.9773515776834476
460	2.556474960707537
461	2.0376743977606653
462	3.3863097830916953
463	4.593776295453623
464	1.766345169602586
465	2.2082383488997652
466	2.759672019893239
467	2.21539434456048
468	2.02799009561548
469	2.052769394304357
470	1.9428168679764608
471	1.9059505330871342
472	1.8732940326637872
473	1.925371220231406
474	2.4143665805631316
475	1.8190852603992096
476	2.8650006524156413
477	2.3616622355780574
478	2.0843537765469584
479	2.7771616748198853
480	1.6120100652953382
481	1.850682904905618
482	1.983411590080053
483	2.2144233363362917
484	2.3549441230291905
485	2.365987462248002
486	2.1353533080909832
487	2.412803791047697
488	1.8826936972127033
489	3.213071369495365
490	1.8336583068758912
491	1.6912930287637926
492	1.7165988098547917
493	1.5534767093592246
494	2.031705108609924
495	1.5709406285750869
496	2.19387476877059
497	3.248595247238913
498	2.4630409434277474
499	1.9780298094696038
500	1.9134745641290185
501	1.7038526925120248
502	1.436369257222243
503	2.041125272715099
504	1.6608445664385894
505	1.8904054501047527
506	2.5240571020707674
507	2.417097411830193
508	2.3825863359044286
509	1.9653208719872948
510	1.6830251539704537
511	1.8539777599184557
512	1.919756534272791
513	2.038580750434083
514	1.81131126521156
515	1.6555076369592756
516	2.242690664620994
517	1.6157331522254752
518	1.534752579967919
519	1.7506519403350373
520	1.4556784551919462
521	1.2880362074087008
522	3.0885081656099023
523	1.6620564353276648
524	2.380559800313367
525	1.8877178582735021
526	2.680642851633243
527	1.5522790809865374
528	2.072754186121786
529	1.8499081831674666
530	2.1159309863650044
532	2.0203980766776977
533	1.6164549791890415
534	2.001730951475187
535	1.4633521996017826
536	1.8652738450198219
537	2.351292043854536
538	2.301042864538958
539	1.5494396226503988
540	1.820010368490131
541	3.518292174702718
542	1.4210659153517058
543	1.9516808423680492
544	2.2537327488251786
545	1.6458961664843135
546	2.0855244020510697
547	2.5264461910619387
548	1.9543495903779688
549	2.0917154209098525
550	2.0729750751267257
