451	2.341810714132791
452	1.541782448059377
453	1.4655443605322107
454	1.6135776892229592
455	1.5145292742456669
456	1.2713565090014394
457	2.9864262929447185
458	1.9636229410683823
459	1.8659376052557473
460	2.2671480139482383
461	1.841783083922447
462	2.8494172546445404
463	4.593776295453623
464	1.6022433550381927
465	1.9483368477027225
466	2.2934816207716335
467	1.8839980126921059
468	1.8307044152590621
469	1.790781831648612
470	1.913259244648427
471	1.7084180270276144
472	1.8669203275309192
473	1.770709864936233
474	1.9603080138897315
475	1.7309647904100554
476	2.745829820797555
477	2.0406390608163076
478	1.7749821100514214
479	2.495733865009494
480	1.3793797303345647
481	1.608235415179972
482	1.6988087780030858
483	1.8765366105714716
484	2.0979627100161915
485	2.063994783968388
486	1.9049877502275998
487	2.1713751611489913
488	1.7276624913084209
489	2.836544817801963
490	1.6930255331600192
491	1.505173768809273
492	1.5348216913830828
493	1.3570111223092387
494	1.8866289618398728
495	1.5790971799493265
496	2.19387476877059
497	2.8129453063550462
498	2.167081346331398
499	1.7645155399477055
500	1.7860251097871958
501	1.5767074546278368
502	1.2522133221936098
503	1.8451974826580506
504	1.5135815484793311
505	1.6945025256606578
506	1.981398981102621
507	2.193186416150666
508	2.221319433128242
509	1.7719889243503693
510	1.556001011206343
511	1.6779961441366538
512	1.6104905907460334
513	1.8193294027507385
514	1.7142520514038406
515	1.4815168110324082
516	2.0018836919938168
517	1.453907430630371
518	1.4181962886036026
519	1.5113193187925364
520	1.2975531389865818
521	1.1569210493337836
522	3.674367982475195
523	1.5889153399228721
524	2.102151056344142
525	1.6794995092940708
526	2.458320568919976
527	1.4569405773983561
528	1.8340154957217765
529	1.697117106241929
530	1.7454958022898897
532	1.7315194824530842
533	1.4388597272281891
534	1.7223716148289105
535	1.3245901663458106
536	1.706922216635654
537	1.9417664578961988
538	2.048347781868631
539	1.4223543757546917
540	1.7055826355050097
541	3.8475183901596446
542	1.2728915185063077
543	1.6456431852990387
544	2.03380253335566
545	1.467410561151459
546	1.908933397536018
547	2.2401405805058303
548	1.7560583720522307
549	1.9799030085175076
550	1.76456899340421
