451	2.162631552858598
452	1.5355985553850076
453	1.3938486539028974
454	1.5441133054275888
455	1.4337338367889985
456	1.1735217373291338
457	2.863774731568304
458	1.8162195220972823
459	1.7708239685500686
460	2.0775365639496717
461	1.7307695032399977
462	2.6028816947531936
463	4.593776295453623
464	1.5317159732732901
465	1.8173134745003765
466	2.0643793293358583
467	1.7505282809077594
468	1.7104418722796915
469	1.6197190869055749
470	1.913259244648427
471	1.5944925545399942
472	1.7566955113664695
473	1.6715628644403753
474	1.773122473806438
475	1.7309647904100554
476	2.6568415394374507
477	1.84276883146432
478	1.6223642903727022
479	2.2802526080294383
480	1.2889900829540881
481	1.526468676705791
482	1.535366655058583
483	1.7096235722036264
484	1.954758674002043
485	1.8939936788901186
486	1.777543366155845
487	2.1713751611489913
488	1.6042631925309165
489	2.6551121591488176
490	1.68495466141446
491	1.3779552645636117
492	1.436343575613564
493	1.2930572129876765
494	1.7634788497850882
495	1.4749798721709386
496	2.19387476877059
497	2.537227721605288
498	2.01373623353515
499	1.6109028592335242
500	1.725085685561403
501	1.4819174436989055
502	1.1637087521094571
503	1.7450785948776741
504	1.4561154646973042
505	1.602275713028736
506	1.8038446994196276
507	2.032888215998289
508	2.0240658038932695
509	1.662790590095694
510	1.4857302348581514
511	1.6123826452182908
512	1.4697750391235807
513	1.7022415226860241
514	1.6097039890663565
515	1.3780273886661396
516	1.837931390927691
517	1.3077622237924713
518	1.3548529792356632
519	1.4707161528235095
520	1.2278414137344094
521	1.1135815724800007
522	2.9607697136819686
523	1.5568830143127086
524	2.126818811127615
525	1.556775228100074
526	2.2583604360607863
527	1.308169483432328
528	1.6802360307567754
529	1.6364288226717592
530	1.5654881018259128
532	1.5773316725339561
533	1.361931551461769
534	1.6667480294709995
535	1.2396511063639322
536	1.6114751175011064
537	1.7257227336859162
538	1.8959394422927522
539	1.359766672147235
540	1.6330437462019
541	3.9566936115813562
542	1.203103528492739
543	1.5054128557719664
544	1.9051988357377456
545	1.3582213289652036
546	1.8385018358223477
547	2.0044627790625373
548	1.6521702326461332
549	1.9338948752915917
550	1.6830912660823127
