451	6.156652923960532
452	4.362743971980053
453	4.847689878235066
454	4.580987991932463
455	4.182751221906217
456	4.074161835750564
457	7.754572222440857
458	5.668224725876903
459	5.375722304029452
460	5.710073663087807
461	5.1756392107427835
462	5.9714216361273325
463	5.631750596356304
464	4.16331764327301
465	6.0891634491432765
466	4.877363427035677
467	5.245673138369525
468	5.50970363726307
469	3.983552420684997
470	4.930415973447529
471	5.095853526366724
472	4.787615857776535
473	5.259690912432395
474	4.574881323752901
475	3.670900766754316
476	6.2603617908303795
477	5.415665281233471
478	4.912309811875303
479	6.530635223109568
480	4.313089900818816
481	4.483447296922847
482	4.774068240224275
483	4.779502574360275
484	3.8999361211061845
485	5.550218034897318
486	5.618510023715258
487	5.963249494295065
488	4.62110099977668
489	6.74458652625326
490	5.572677151838377
491	5.09189317779346
492	4.365280361053789
493	4.26227139017434
494	4.872053502578015
495	4.819485973255956
496	5.7101334699500175
497	6.685902903683963
498	6.228387244893461
499	5.755263747824341
500	5.222901698748661
501	4.177991218457312
502	3.935369547340307
503	5.504383120370499
504	4.57831301872702
505	4.761758017553964
506	5.813132744667279
507	6.727534390416296
508	5.42640225973091
509	5.0344399955525825
510	4.285045867235564
511	5.290013276920209
512	5.415126539169009
513	5.145758361797783
514	4.975868712939854
515	4.149232415050026
516	5.288883279132678
517	4.295866911032916
518	4.419240296866949
519	4.504024912312362
520	3.946395999898388
521	4.095281075916729
522	5.816118643723343
523	4.665617059202682
524	5.2164532210638175
525	4.822407323487464
526	5.570924845258936
527	4.370095023475028
528	4.836986781173618
529	5.003643450098014
530	4.996317958862714
532	5.346703266469737
533	4.742035464755676
534	4.394072738810531
535	4.2602878487717675
536	4.540380860021327
537	4.800621034236334
538	5.7264934014561195
539	4.759832844340389
540	5.2949972337503315
541	5.6777986542403
542	4.482067375914513
543	4.691660736454547
544	6.210748502084168
545	4.920708473616968
546	5.771113286193524
547	6.108944353092102
548	5.059866517820284
549	5.201611483638167
550	5.1498695702276365
