100	100	1	0.385284010511
100	100	10	0.454885339682
100	100	100	0.419723167712
100	100	20	0.476305973181
100	100	5	0.444781267276
100	100	50	0.433868869079
100	100	75	0.428614751428
100	10	1	0.363373812278
100	10	10	0.404769140552
100	10	100	0.452056199408
100	10	20	0.443972941484
100	10	5	0.391835927873
100	10	50	0.442356289899
100	10	75	0.441952127003
100	1	1	-0.0232173907667
100	1	10	0.41705475553
100	1	100	0.493375262727
100	1	20	0.453248715124
100	1	5	0.395043931311
100	1	50	0.496104062602
100	1	75	0.496207265055
100	20	1	0.350248943821
100	20	10	0.424573122466
100	20	100	0.454481176785
100	20	20	0.461351946021
100	20	5	0.411639909787
100	20	50	0.458926968644
100	20	75	0.451247873616
100	50	1	0.381135842464
100	50	10	0.431848054598
100	50	100	0.433464706183
100	50	20	0.464181086294
100	50	5	0.43265638039
100	50	50	0.438718823833
100	50	75	0.435485520664
100	5	1	0.372100146663
100	5	10	0.419319004815
100	5	100	0.493280814821
100	5	20	0.462968597606
100	5	5	0.368586494491
100	5	50	0.483580905312
100	5	75	0.485197556897
100	75	1	0.396522109029
100	75	10	0.446397918861
100	75	100	0.427806425636
100	75	20	0.476305973181
100	75	5	0.43588968356
100	75	50	0.432252217494
100	75	75	0.424977285362
10	100	1	0.360822311955
10	100	10	0.420127330608
10	100	5	0.407841560471
10	10	1	0.310501903955
10	10	10	0.369231139921
10	10	5	0.357478545178
10	1	1	-0.0232173907667
10	1	10	0.303628326797
10	1	5	0.299922175724
10	20	1	0.302922169042
10	20	10	0.378334688406
10	20	5	0.374899161805
10	50	1	0.342103794291
10	50	10	0.396281719732
10	50	5	0.38577348443
10	5	1	0.290822046852
10	5	10	0.357291107046
10	5	5	0.306987875001
10	75	1	0.359109061807
10	75	10	0.408406606618
10	75	5	0.400970097114
1	100	1	-0.0272841594251
1	10	1	-0.0232173907667
1	1	1	-0.0232173907667
1	20	1	-0.0272841594251
1	50	1	-0.0272841594251
1	5	1	-0.0232173907667
1	75	1	-0.0272841594251
20	100	1	0.380018546304
20	100	10	0.432252217494
20	100	20	0.481964253728
20	100	5	0.424573122466
20	10	1	0.329947339917
20	10	10	0.384716468154
20	10	20	0.431531078505
20	10	5	0.376594946341
20	1	1	-0.0232173907667
20	1	10	0.368509290022
20	1	20	0.405790160559
20	1	5	0.341735226999
20	20	1	0.318224060148
20	20	10	0.399110860005
20	20	20	0.456906154163
20	20	5	0.398787268333
20	50	1	0.36662302786
20	50	10	0.412044072684
20	50	20	0.456906154163
20	50	5	0.408002443722
20	5	1	0.323353918167
20	5	10	0.395546955814
20	5	20	0.43137254902
20	5	5	0.334269243622
20	75	1	0.37998237402
20	75	10	0.419723167712
20	75	20	0.471456018426
20	75	5	0.416489864542
50	100	1	0.38825388321
50	100	10	0.448014570446
50	100	20	0.477922624765
50	100	5	0.43588968356
50	100	50	0.437910498041
50	10	1	0.350085560657
50	10	10	0.39749420842
50	10	20	0.437910498041
50	10	5	0.38939514644
50	10	50	0.437910498041
50	1	1	-0.0232173907667
50	1	10	0.406541269886
50	1	20	0.438801284621
50	1	5	0.383787894905
50	1	50	0.478558584021
50	20	1	0.342872915945
50	20	10	0.416085701646
50	20	20	0.45933113154
50	20	5	0.403960814759
50	20	50	0.454885339682
50	50	1	0.376834942716
50	50	10	0.422956470881
50	50	20	0.461756108917
50	50	5	0.4209356564
50	50	50	0.441547964107
50	5	1	0.345622670636
50	5	10	0.409628908168
50	5	20	0.45149556298
50	5	5	0.35480495412
50	5	50	0.465797737879
50	75	1	0.394407530332
50	75	10	0.43912298673
50	75	20	0.472264344219
50	75	5	0.429827240117
50	75	50	0.441952127003
5	100	1	0.328917012268
5	100	5	0.36788355395
5	10	1	0.283645572937
5	10	5	0.294359914351
5	1	1	-0.0232173907667
5	1	5	0.208072662695
5	20	1	0.265086443349
5	20	5	0.335334377311
5	50	1	0.319135023681
5	50	5	0.354561626731
5	5	1	0.259155299183
5	5	5	0.250780714599
5	75	1	0.331658162508
5	75	5	0.363029675284
75	100	1	0.387057665631
75	100	10	0.452864525201
75	100	20	0.477114298973
75	100	5	0.440739638314
75	100	50	0.434273031975
75	100	75	0.430231403013
75	10	1	0.352799252992
75	10	10	0.399110860005
75	10	20	0.438314660937
75	10	5	0.392073620299
75	10	50	0.441143801211
75	10	75	0.443164615692
75	1	1	-0.0232173907667
75	1	10	0.41013317779
75	1	20	0.448833112857
75	1	5	0.393560208294
75	1	50	0.488412526747
75	1	75	0.489329545116
75	20	1	0.350531850009
75	20	10	0.422956470881
75	20	20	0.464585249191
75	20	5	0.40921493241
75	20	50	0.454481176785
75	20	75	0.453672850993
75	50	1	0.380557666433
75	50	10	0.429827240117
75	50	20	0.465797737879
75	50	5	0.424573122466
75	50	50	0.439931312522
75	50	75	0.438718823833
75	5	1	0.358331566768
75	5	10	0.414392561148
75	5	20	0.459579637518
75	5	5	0.364337449963
75	5	50	0.474689321596
75	5	75	0.483176742416
75	75	1	0.396115848896
75	75	10	0.441952127003
75	75	20	0.469435203945
75	75	5	0.430635565909
75	75	50	0.433868869079
75	75	75	0.429018914324
