100	100	1	0.192340836206
100	100	10	0.198358651029
100	100	100	0.0747494818403
100	100	20	0.171495555993
100	100	5	0.187652345037
100	100	50	0.10537600565
100	100	75	0.0883108027645
100	10	1	0.294367866271
100	10	10	0.344094185937
100	10	100	0.228206534403
100	10	20	0.324109081417
100	10	5	0.33351765335
100	10	50	0.267787423225
100	10	75	0.244038889932
100	1	1	0.0304911326124
100	1	10	0.317490637713
100	1	100	0.238328860069
100	1	20	0.326834322943
100	1	5	0.314765396187
100	1	50	0.288875601695
100	1	75	0.260390339084
100	20	1	0.280548062563
100	20	10	0.307043878532
100	20	100	0.18012548749
100	20	20	0.275249394068
100	20	5	0.305291937551
100	20	50	0.22139343059
100	20	75	0.195438749395
100	50	1	0.241545290041
100	50	10	0.250203126716
100	50	100	0.115303671207
100	50	20	0.223988898709
100	50	5	0.246309924536
100	50	50	0.158907535614
100	50	75	0.133212401231
100	5	1	0.290593366207
100	5	10	0.36154870904
100	5	100	0.25552383636
100	5	20	0.350258422721
100	5	5	0.334945160816
100	5	50	0.298478833737
100	5	75	0.270382891344
100	75	1	0.208379790191
100	75	10	0.216851361381
100	75	100	0.090516950666
100	75	20	0.191350887107
100	75	5	0.203744247377
100	75	50	0.126788617635
100	75	75	0.106089759383
10	100	1	0.201652436423
10	100	10	0.208026769774
10	100	5	0.198683084544
10	10	1	0.276909215259
10	10	10	0.348311821631
10	10	5	0.327353416566
10	1	1	0.0304911326124
10	1	10	0.292963463984
10	1	5	0.273367679682
10	20	1	0.277455504644
10	20	10	0.312559248286
10	20	5	0.303864430085
10	50	1	0.243525724019
10	50	10	0.252798594835
10	50	5	0.25312302835
10	5	1	0.28353118869
10	5	10	0.363365536724
10	5	5	0.322422027139
10	75	1	0.218083276586
10	75	10	0.223859125303
10	75	5	0.210687124597
1	100	1	0.0500908790853
1	10	1	0.0802362332215
1	1	1	0.0307784656944
1	20	1	0.0802362332215
1	50	1	0.0907290467338
1	5	1	0.0187232743125
1	75	1	0.0500908790853
20	100	1	0.192340836206
20	100	10	0.198358651029
20	100	20	0.171495555993
20	100	5	0.187652345037
20	10	1	0.294367866271
20	10	10	0.344094185937
20	10	20	0.324109081417
20	10	5	0.33351765335
20	1	1	0.0304911326124
20	1	10	0.317490637713
20	1	20	0.326834322943
20	1	5	0.314765396187
20	20	1	0.280548062563
20	20	10	0.307043878532
20	20	20	0.275249394068
20	20	5	0.305291937551
20	50	1	0.241545290041
20	50	10	0.250203126716
20	50	20	0.223988898709
20	50	5	0.246309924536
20	5	1	0.290593366207
20	5	10	0.36154870904
20	5	20	0.350258422721
20	5	5	0.334945160816
20	75	1	0.208379790191
20	75	10	0.216851361381
20	75	20	0.191350887107
20	75	5	0.203744247377
50	100	1	0.192340836206
50	100	10	0.198358651029
50	100	20	0.171495555993
50	100	5	0.187652345037
50	100	50	0.10537600565
50	10	1	0.294367866271
50	10	10	0.344094185937
50	10	20	0.324109081417
50	10	5	0.33351765335
50	10	50	0.267787423225
50	1	1	0.0304911326124
50	1	10	0.317490637713
50	1	20	0.326834322943
50	1	5	0.314765396187
50	1	50	0.288875601695
50	20	1	0.280548062563
50	20	10	0.307043878532
50	20	20	0.275249394068
50	20	5	0.305291937551
50	20	50	0.22139343059
50	50	1	0.241545290041
50	50	10	0.250203126716
50	50	20	0.223988898709
50	50	5	0.246309924536
50	50	50	0.158907535614
50	5	1	0.290593366207
50	5	10	0.36154870904
50	5	20	0.350258422721
50	5	5	0.334945160816
50	5	50	0.298478833737
50	75	1	0.208379790191
50	75	10	0.216851361381
50	75	20	0.191350887107
50	75	5	0.203744247377
50	75	50	0.126788617635
5	100	1	0.194759441059
5	100	5	0.194530335553
5	10	1	0.25453291196
5	10	5	0.321318953189
5	1	1	0.0304911326124
5	1	5	0.24747788519
5	20	1	0.248156994635
5	20	5	0.30548659766
5	50	1	0.226936177058
5	50	5	0.248321412329
5	5	1	0.27262636037
5	5	5	0.302501809323
5	75	1	0.203516233771
5	75	5	0.209000070319
75	100	1	0.192340836206
75	100	10	0.198358651029
75	100	20	0.171495555993
75	100	5	0.187652345037
75	100	50	0.10537600565
75	100	75	0.0883108027645
75	10	1	0.294367866271
75	10	10	0.344094185937
75	10	20	0.324109081417
75	10	5	0.33351765335
75	10	50	0.267787423225
75	10	75	0.244038889932
75	1	1	0.0304911326124
75	1	10	0.317490637713
75	1	20	0.326834322943
75	1	5	0.314765396187
75	1	50	0.288875601695
75	1	75	0.260390339084
75	20	1	0.280548062563
75	20	10	0.307043878532
75	20	20	0.275249394068
75	20	5	0.305291937551
75	20	50	0.22139343059
75	20	75	0.195438749395
75	50	1	0.241545290041
75	50	10	0.250203126716
75	50	20	0.223988898709
75	50	5	0.246309924536
75	50	50	0.158907535614
75	50	75	0.133212401231
75	5	1	0.290593366207
75	5	10	0.36154870904
75	5	20	0.350258422721
75	5	5	0.334945160816
75	5	50	0.298478833737
75	5	75	0.270382891344
75	75	1	0.208379790191
75	75	10	0.216851361381
75	75	20	0.191350887107
75	75	5	0.203744247377
75	75	50	0.126788617635
75	75	75	0.106089759383
