100	100	1	0.128002669779
100	100	10	0.228244307099
100	100	100	-0.0441831432002
100	100	20	0.123600194768
100	100	5	0.21369780525
100	100	50	-0.00295131208035
100	100	75	-0.0300523315222
100	10	1	0.294801639018
100	10	10	0.394871846408
100	10	100	0.206969870364
100	10	20	0.360445861469
100	10	5	0.373049590329
100	10	50	0.244216540932
100	10	75	0.230022829412
100	1	1	0.045536776982
100	1	10	0.336069155542
100	1	100	0.105382317532
100	1	20	0.283419375968
100	1	5	0.343353600153
100	1	50	0.188589189353
100	1	75	0.136488788893
100	20	1	0.249814313391
100	20	10	0.339467653598
100	20	100	0.0669829178605
100	20	20	0.211973307698
100	20	5	0.339336020258
100	20	50	0.105078778455
100	20	75	0.0899957221604
100	50	1	0.208142887058
100	50	10	0.281404709265
100	50	100	-0.0328068291751
100	50	20	0.152752895891
100	50	5	0.275249670718
100	50	50	0.0235319081265
100	50	75	-0.00537317716293
100	5	1	0.280044279394
100	5	10	0.393272679502
100	5	100	0.200964324543
100	5	20	0.362950721193
100	5	5	0.345374955021
100	5	50	0.263918519533
100	5	75	0.230807058116
100	75	1	0.155471590875
100	75	10	0.251242891032
100	75	100	-0.0456990670317
100	75	20	0.135625526456
100	75	5	0.239466543947
100	75	50	0.00735047501775
100	75	75	-0.0202195135015
10	100	1	0.118367488917
10	100	10	0.26241468387
10	100	5	0.2157522089
10	10	1	0.264347238133
10	10	10	0.369105569719
10	10	5	0.343961928635
10	1	1	0.045536776982
10	1	10	0.312236133712
10	1	5	0.333768676462
10	20	1	0.226958708984
10	20	10	0.347828185089
10	20	5	0.325803236748
10	50	1	0.19738734772
10	50	10	0.32299292996
10	50	5	0.277536277517
10	5	1	0.257050058294
10	5	10	0.379891159767
10	5	5	0.326761667484
10	75	1	0.145851357834
10	75	10	0.292783534523
10	75	5	0.244458909613
1	100	1	0.0424956402273
1	10	1	0.13775559301
1	1	1	0.0183156793908
1	20	1	0.141857876774
1	50	1	0.0894083336936
1	5	1	0.167888355648
1	75	1	0.0471962729031
20	100	1	0.123113243357
20	100	10	0.253434614871
20	100	20	0.138085182408
20	100	5	0.214188562007
20	10	1	0.290299008412
20	10	10	0.388282373216
20	10	20	0.359657852088
20	10	5	0.364161882459
20	1	1	0.045536776982
20	1	10	0.34031261891
20	1	20	0.299441517763
20	1	5	0.344507672772
20	20	1	0.243214424785
20	20	10	0.344733197246
20	20	20	0.199823436365
20	20	5	0.330096076143
20	50	1	0.204034634396
20	50	10	0.307492909827
20	50	20	0.165668173604
20	50	5	0.273967495285
20	5	1	0.276132317407
20	5	10	0.3932706004
20	5	20	0.368299576999
20	5	5	0.339347006814
20	75	1	0.150947544199
20	75	10	0.278943381759
20	75	20	0.152046564571
20	75	5	0.240117425671
50	100	1	0.128164997513
50	100	10	0.232803831204
50	100	20	0.122300289273
50	100	5	0.214602048782
50	100	50	-0.00303499991358
50	10	1	0.295048562747
50	10	10	0.391953050607
50	10	20	0.348785638079
50	10	5	0.370847883897
50	10	50	0.234300531737
50	1	1	0.045536776982
50	1	10	0.338848695843
50	1	20	0.283317664858
50	1	5	0.338418982112
50	1	50	0.192549606412
50	20	1	0.25061230426
50	20	10	0.336932828788
50	20	20	0.199206261528
50	20	5	0.33904515584
50	20	50	0.0907503793297
50	50	1	0.20990830366
50	50	10	0.28570912648
50	50	20	0.148585597392
50	50	5	0.276981595427
50	50	50	0.0208147707751
50	5	1	0.279820706873
50	5	10	0.38971816207
50	5	20	0.352842410915
50	5	5	0.342157860979
50	5	50	0.261925542535
50	75	1	0.15628765854
50	75	10	0.256643181489
50	75	20	0.133667747841
50	75	5	0.241304233786
50	75	50	0.00628282553992
5	100	1	0.110016727427
5	100	5	0.202034589479
5	10	1	0.229132660571
5	10	5	0.28889200565
5	1	1	0.0457093241669
5	1	5	0.296407193422
5	20	1	0.206566702536
5	20	5	0.299821096474
5	50	1	0.18376402946
5	50	5	0.263272297856
5	5	1	0.231481854798
5	5	5	0.274168762896
5	75	1	0.134571413131
5	75	5	0.231163056782
75	100	1	0.12764295815
75	100	10	0.228188604549
75	100	20	0.123414434812
75	100	5	0.213210807666
75	100	50	-0.00366816215185
75	100	75	-0.0298689862049
75	10	1	0.294331074929
75	10	10	0.391758684028
75	10	20	0.353648162664
75	10	5	0.370753232273
75	10	50	0.237534645298
75	10	75	0.22808625529
75	1	1	0.045536776982
75	1	10	0.333651973181
75	1	20	0.280509407394
75	1	5	0.339545932722
75	1	50	0.186423721789
75	1	75	0.14951421851
75	20	1	0.249043044429
75	20	10	0.335547102145
75	20	20	0.205071011264
75	20	5	0.336744492096
75	20	50	0.0973487050892
75	20	75	0.085135212794
75	50	1	0.207752472434
75	50	10	0.280343200379
75	50	20	0.150512761063
75	50	5	0.274123638712
75	50	50	0.0208899601178
75	50	75	-0.0063006591988
75	5	1	0.279115985987
75	5	10	0.390707967663
75	5	20	0.357436560616
75	5	5	0.343517532561
75	5	50	0.260727025833
75	5	75	0.235961472103
75	75	1	0.155026697891
75	75	10	0.25058272596
75	75	20	0.13457280828
75	75	5	0.238908670795
75	75	50	0.00538716906314
75	75	75	-0.0209571513153
