100	100	1	0.28037575964
100	100	10	0.229302000865
100	100	100	0.0870192845009
100	100	20	0.200845457592
100	100	5	0.253221993761
100	100	50	0.110939277397
100	100	75	0.0948551442427
100	10	1	0.377249588041
100	10	10	0.309722666636
100	10	100	0.24579854769
100	10	20	0.315908871695
100	10	5	0.29240129247
100	10	50	0.273017849951
100	10	75	0.259820612491
100	1	1	0.0461135841837
100	1	10	0.301886806894
100	1	100	0.209093731004
100	1	20	0.303948875247
100	1	5	0.306423357271
100	1	50	0.258583371479
100	1	75	0.222703382135
100	20	1	0.33307622892
100	20	10	0.278791641339
100	20	100	0.180637187732
100	20	20	0.251159925408
100	20	5	0.280441296022
100	20	50	0.208268903663
100	20	75	0.189710288485
100	50	1	0.31884397022
100	50	10	0.248685443384
100	50	100	0.111351691067
100	50	20	0.214042695052
100	50	5	0.255284062114
100	50	50	0.140220648011
100	50	75	0.129910306245
100	5	1	0.35166972092
100	5	10	0.263944749197
100	5	100	0.226415105171
100	5	20	0.287864742093
100	5	5	0.251984752749
100	5	50	0.263532335526
100	5	75	0.24579854769
100	75	1	0.302833932342
100	75	10	0.23961234263
100	75	100	0.101866176643
100	75	20	0.207031662651
100	75	5	0.253634407431
100	75	50	0.130735133587
100	75	75	0.113826173091
10	100	1	0.279522085153
10	100	10	0.217754418087
10	100	5	0.24621096136
10	10	1	0.344870585821
10	10	10	0.280853709692
10	10	5	0.27260543628
10	1	1	0.0461135841837
10	1	10	0.298175083858
10	1	5	0.304773702588
10	20	1	0.314661989602
10	20	10	0.270543367927
10	20	5	0.280028882351
10	50	1	0.314837256456
10	50	10	0.24621096136
10	50	5	0.27260543628
10	5	1	0.325702705933
10	5	10	0.253221993761
10	5	5	0.244148893007
10	75	1	0.295428641933
10	75	10	0.225590277829
10	75	5	0.259820612491
1	100	1	0.0662319272728
1	10	1	0.147133421055
1	1	1	0.0456792101286
1	20	1	0.148001464837
1	50	1	0.118003573032
1	5	1	0.150011797233
1	75	1	0.0973944168779
20	100	1	0.28037575964
20	100	10	0.229302000865
20	100	20	0.200845457592
20	100	5	0.253221993761
20	10	1	0.377249588041
20	10	10	0.309722666636
20	10	20	0.315908871695
20	10	5	0.29240129247
20	1	1	0.0461135841837
20	1	10	0.301886806894
20	1	20	0.303948875247
20	1	5	0.306423357271
20	20	1	0.33307622892
20	20	10	0.278791641339
20	20	20	0.251159925408
20	20	5	0.280441296022
20	50	1	0.31884397022
20	50	10	0.248685443384
20	50	20	0.214042695052
20	50	5	0.255284062114
20	5	1	0.35166972092
20	5	10	0.263944749197
20	5	20	0.287864742093
20	5	5	0.251984752749
20	75	1	0.302833932342
20	75	10	0.23961234263
20	75	20	0.207031662651
20	75	5	0.253634407431
50	100	1	0.28037575964
50	100	10	0.229302000865
50	100	20	0.200845457592
50	100	5	0.253221993761
50	100	50	0.110939277397
50	10	1	0.377249588041
50	10	10	0.309722666636
50	10	20	0.315908871695
50	10	5	0.29240129247
50	10	50	0.273017849951
50	1	1	0.0461135841837
50	1	10	0.301886806894
50	1	20	0.303948875247
50	1	5	0.306423357271
50	1	50	0.258583371479
50	20	1	0.33307622892
50	20	10	0.278791641339
50	20	20	0.251159925408
50	20	5	0.280441296022
50	20	50	0.208268903663
50	50	1	0.31884397022
50	50	10	0.248685443384
50	50	20	0.214042695052
50	50	5	0.255284062114
50	50	50	0.140220648011
50	5	1	0.35166972092
50	5	10	0.263944749197
50	5	20	0.287864742093
50	5	5	0.251984752749
50	5	50	0.263532335526
50	75	1	0.302833932342
50	75	10	0.23961234263
50	75	20	0.207031662651
50	75	5	0.253634407431
50	75	50	0.130735133587
5	100	1	0.278916138558
5	100	5	0.247035788702
5	10	1	0.343341904472
5	10	5	0.23961234263
5	1	1	0.0461135841837
5	1	5	0.273842677292
5	20	1	0.323105759451
5	20	5	0.265594403879
5	50	1	0.29876559418
5	50	5	0.267656472233
5	5	1	0.291906036861
5	5	5	0.197546148227
5	75	1	0.302504006063
5	75	5	0.260645439832
75	100	1	0.28037575964
75	100	10	0.229302000865
75	100	20	0.200845457592
75	100	5	0.253221993761
75	100	50	0.110939277397
75	100	75	0.0948551442427
75	10	1	0.377249588041
75	10	10	0.309722666636
75	10	20	0.315908871695
75	10	5	0.29240129247
75	10	50	0.273017849951
75	10	75	0.259820612491
75	1	1	0.0461135841837
75	1	10	0.301886806894
75	1	20	0.303948875247
75	1	5	0.306423357271
75	1	50	0.258583371479
75	1	75	0.222703382135
75	20	1	0.33307622892
75	20	10	0.278791641339
75	20	20	0.251159925408
75	20	5	0.280441296022
75	20	50	0.208268903663
75	20	75	0.189710288485
75	50	1	0.31884397022
75	50	10	0.248685443384
75	50	20	0.214042695052
75	50	5	0.255284062114
75	50	50	0.140220648011
75	50	75	0.129910306245
75	5	1	0.35166972092
75	5	10	0.263944749197
75	5	20	0.287864742093
75	5	5	0.251984752749
75	5	50	0.263532335526
75	5	75	0.24579854769
75	75	1	0.302833932342
75	75	10	0.23961234263
75	75	20	0.207031662651
75	75	5	0.253634407431
75	75	50	0.130735133587
75	75	75	0.113826173091
