100	100	1	0.275946418791
100	100	10	0.260817985479
100	100	100	0.186240659405
100	100	20	0.271761397457
100	100	5	0.2668976588
100	100	50	0.204074367814
100	100	75	0.205290302478
100	10	1	0.288688447196
100	10	10	0.28229949788
100	10	100	0.262033920143
100	10	20	0.285947301873
100	10	5	0.286352613428
100	10	50	0.277435759223
100	10	75	0.268518905019
100	1	1	0.045111541341
100	1	10	0.305402256501
100	1	100	0.335800623106
100	1	20	0.3224253418
100	1	5	0.263655166362
100	1	50	0.33782718088
100	1	75	0.330531572895
100	20	1	0.262903389466
100	20	10	0.286352613428
100	20	100	0.258791427705
100	20	20	0.299727894734
100	20	5	0.275409201449
100	20	50	0.268113593464
100	20	75	0.265681724136
100	50	1	0.282097510032
100	50	10	0.270140151238
100	50	100	0.213801845128
100	50	20	0.277435759223
100	50	5	0.2668976588
100	50	50	0.247442704172
100	50	75	0.22596119177
100	5	1	0.295888732856
100	5	10	0.289189794311
100	5	100	0.295269467632
100	5	20	0.308644748939
100	5	5	0.238931161522
100	5	50	0.296485402296
100	5	75	0.303375698727
100	75	1	0.283560343992
100	75	10	0.25838611615
100	75	100	0.197589382938
100	75	20	0.273382643676
100	75	5	0.260007362369
100	75	50	0.218665583785
100	75	75	0.208532794916
10	100	1	0.276233191674
10	100	10	0.270950774347
10	100	5	0.270950774347
10	10	1	0.293520601733
10	10	10	0.268924216573
10	10	5	0.274193266785
10	1	1	0.045111541341
10	1	10	0.218665583785
10	1	5	0.202453121595
10	20	1	0.248122000881
10	20	10	0.270140151238
10	20	5	0.275003889895
10	50	1	0.272423857253
10	50	10	0.269734839683
10	50	5	0.260412673924
10	5	1	0.270851657012
10	5	10	0.268113593464
10	5	5	0.224745257106
10	75	1	0.280945559648
10	75	10	0.261223297033
10	75	5	0.262033920143
1	100	1	-0.00325734557958
1	10	1	0.045111541341
1	1	1	0.045111541341
1	20	1	-0.00325734557958
1	50	1	-0.00325734557958
1	5	1	0.045111541341
1	75	1	-0.00325734557958
20	100	1	0.275946418791
20	100	10	0.260817985479
20	100	20	0.271761397457
20	100	5	0.2668976588
20	10	1	0.288688447196
20	10	10	0.28229949788
20	10	20	0.285947301873
20	10	5	0.286352613428
20	1	1	0.045111541341
20	1	10	0.305402256501
20	1	20	0.3224253418
20	1	5	0.263655166362
20	20	1	0.262903389466
20	20	10	0.286352613428
20	20	20	0.299727894734
20	20	5	0.275409201449
20	50	1	0.282097510032
20	50	10	0.270140151238
20	50	20	0.277435759223
20	50	5	0.2668976588
20	5	1	0.295888732856
20	5	10	0.289189794311
20	5	20	0.308644748939
20	5	5	0.238931161522
20	75	1	0.283560343992
20	75	10	0.25838611615
20	75	20	0.273382643676
20	75	5	0.260007362369
50	100	1	0.275946418791
50	100	10	0.260817985479
50	100	20	0.271761397457
50	100	5	0.2668976588
50	100	50	0.204074367814
50	10	1	0.288688447196
50	10	10	0.28229949788
50	10	20	0.285947301873
50	10	5	0.286352613428
50	10	50	0.277435759223
50	1	1	0.045111541341
50	1	10	0.305402256501
50	1	20	0.3224253418
50	1	5	0.263655166362
50	1	50	0.33782718088
50	20	1	0.262903389466
50	20	10	0.286352613428
50	20	20	0.299727894734
50	20	5	0.275409201449
50	20	50	0.268113593464
50	50	1	0.282097510032
50	50	10	0.270140151238
50	50	20	0.277435759223
50	50	5	0.2668976588
50	50	50	0.247442704172
50	5	1	0.295888732856
50	5	10	0.289189794311
50	5	20	0.308644748939
50	5	5	0.238931161522
50	5	50	0.296485402296
50	75	1	0.283560343992
50	75	10	0.25838611615
50	75	20	0.273382643676
50	75	5	0.260007362369
50	75	50	0.218665583785
5	100	1	0.251733600301
5	100	5	0.251090508165
5	10	1	0.264746365387
5	10	5	0.231230241982
5	1	1	0.045111541341
5	1	5	0.0824809013907
5	20	1	0.206530250699
5	20	5	0.246226769508
5	50	1	0.235073672875
5	50	5	0.234878045975
5	5	1	0.242664849852
5	5	5	0.175702558982
5	75	1	0.256203321511
5	75	5	0.245416146398
75	100	1	0.275946418791
75	100	10	0.260817985479
75	100	20	0.271761397457
75	100	5	0.2668976588
75	100	50	0.204074367814
75	100	75	0.205290302478
75	10	1	0.288688447196
75	10	10	0.28229949788
75	10	20	0.285947301873
75	10	5	0.286352613428
75	10	50	0.277435759223
75	10	75	0.268518905019
75	1	1	0.045111541341
75	1	10	0.305402256501
75	1	20	0.3224253418
75	1	5	0.263655166362
75	1	50	0.33782718088
75	1	75	0.330531572895
75	20	1	0.262903389466
75	20	10	0.286352613428
75	20	20	0.299727894734
75	20	5	0.275409201449
75	20	50	0.268113593464
75	20	75	0.265681724136
75	50	1	0.282097510032
75	50	10	0.270140151238
75	50	20	0.277435759223
75	50	5	0.2668976588
75	50	50	0.247442704172
75	50	75	0.22596119177
75	5	1	0.295888732856
75	5	10	0.289189794311
75	5	20	0.308644748939
75	5	5	0.238931161522
75	5	50	0.296485402296
75	5	75	0.303375698727
75	75	1	0.283560343992
75	75	10	0.25838611615
75	75	20	0.273382643676
75	75	5	0.260007362369
75	75	50	0.218665583785
75	75	75	0.208532794916
